distance_from_stop	ck-1a	upf1	set-1	prd-1	pabp-2	set-2	wc-2	frq	csp-1	pkac-1	frh	NCU06565	cka	ckb-1	rco-1	nab2
1	0	0	0	4.5	0	0	1.5	2.5	37	0	0	0	3	3	1	0
2	0	0	0	4.5	0	0	1.5	2.5	37	0	0	1	3.5	3	1	0
3	0	0	0	4.5	0	0	1.5	2.5	37	0	0	1	5	3	1	0
4	0	0	0	4.5	0	0	1.5	2.5	37	0	0	1	5	3	1	0
5	0	0	0	4.5	0	0	2	2.5	37	0	0	1	5	3	1	0
6	0	0	0	4.5	0	0	2	2.5	37	0	0	1	5	3	1	0
7	0	0	0	4.5	0	0	2	2.5	37	0	0	1	5	3	1	0
8	0	0	0	4.5	1.5	0	2	2.5	37	0	0	1	6	3	1	0
9	0	0	0	4.5	2	0	2	2.5	37	0	0	1	7	3	1	0
10	0	0	0	4.5	2	0	2	2.5	37	0	0	1	7	3	1	0
11	0	0	0	4.5	2	0	2	2.5	37	0	0	1	7	3	1	0
12	0	0	0	4.5	2	0	2	2.5	37	0	0	1	7	3	1	0
13	0	0	0	4.5	2	0	2	2.5	37	0	0	1	7	3	2	0
14	0	0	0	5	2	0	2	2.5	37	0	0	1	7	3	2	0
15	0	0	0	5	2	0	2	2.5	37	0	0.5	1	7	4	2	0
16	0	0	0	5	2	0	2	2.5	37	0	0.5	1	7	4.5	2	0
17	0	0	0	5	2	0	2	2.5	37	0	1.5	1	7	4.5	2	0
18	0	0	0	5	2	0	2.5	2.5	37	0	1.5	1	7	4.5	2	0
19	0	0	0	5	2	0	2.5	2.5	37	0	1.5	1	7	6.5	2	0
20	0	0	0	5	2	0	2.5	2.5	37	0	1.5	1	7	8	2	0
21	0	0	0	5	2	0	2.5	2.5	36	0	1.5	1	7	8.5	2	0
22	0	0	0	5	2	0	2.5	3	29	0	1.5	1	7	9	2	0
23	0	0	0	5	2	0	3	3	29	0	1.5	1	7	10	2	0
24	0	0	0	5	2	0	3	3	28	0	1.5	1	7	10	2	0
25	0	0	0	5	2	0	3	3	28	0	1.5	1	7	10	2	0
26	0	0	0	5	2	0	3	3	28	0	1.5	1	7	10.5	2	0
27	0	0	0	5	2	0	3	3	28	0	1.5	1	7	10.5	2	0
28	0	0	0	5	2	0	3	3	28	0	1.5	1	7	11.5	2	0
29	0	0	0	5	2	0	3	3	28	0	1.5	1	7	11.5	2	0
30	0	0	0	5	2	0	3	2.5	28	0	1.5	1	7	11	2	0
31	0	0	0	4.5	2	0	3	2.5	28	0	1.5	1	7	10	2	0
32	0	0	0	4.5	2	0	3	2.5	28	0	1.5	1	7	10.5	2	0
33	0	0	0	4.5	2	0	3	2.5	28	0	1.5	1	7	13	2	0
34	0	0	0	4.5	2.5	0	3	2.5	28	0	1.5	1	7	13.5	2	0
35	0	0	0	4.5	2.5	0	3	2.5	28	0	1.5	1	7	14.5	2	0
36	0	0	0	4.5	2.5	0	3	2.5	28	0	1.5	1	7	14.5	2	0
37	0	0	0	4.5	2.5	0	3	2.5	28	0	1.5	1	7	14.5	2	0
38	0	0	0	5	2.5	0	2.5	2.5	28	0	1.5	1	7	15	1.5	0
39	0	0	0	5	2.5	0	2.5	2	27.5	0	1.5	1	7	15	1.5	0
40	0	0	0	5	2.5	0	2	2	26.5	0	1.5	1	7	16	1.5	0
41	0	0	0	5	2.5	0	2	2	5	0	2	1	7	16	1.5	0
42	0	0	0	5	2.5	0	2	2	4	0	2	1	7	16	1	0
43	0	0	0	5	2.5	0	2	2	3.5	0	2	1	7	30.5	1	0
44	0	0	0	5	2.5	0	2	2	0.5	0	2	1	7	32	1	0
45	0	0	0	5	3	0	2	2	0.5	0	2	1	7	32.5	1	0
46	0	0	0	5	3	0	1.5	2	0.5	0	2	1	7	34	1	0
47	0	0	0	5	3	0	1.5	2	0.5	0	2	1	7	40.5	1	0
48	0	0	0	5	3	0	1.5	2	0.5	0	2.5	1	7	42.5	1	0
49	0	0	0	2.5	3	0.5	1.5	2	0	0	2.5	1	7	47	1	0
50	0	0	0	2.5	3	0.5	1.5	2	0	0	2.5	1	7	47	1	0
51	0	0	0	2	3.5	0.5	1.5	2	0	0	2.5	1	7	51	1	0
52	0	0	0	2	4	0.5	1.5	1.5	0	0	2.5	1	7	51.5	1	0
53	0	0	0	1	4	0.5	1.5	1.5	0	0	2.5	1	7	52	1	0
54	0	0	0	1	4	0.5	1.5	1.5	0	0	2.5	1	7	69	1	0
55	0	0	0	1	4	0.5	1.5	1.5	0	0	2.5	1	7	75.5	0.5	0
56	0	0	0	1	4	0.5	1.5	1.5	0	0	3	1	7	82.5	1	0
57	0	0	0	1	4	0.5	1.5	1	0	0	3	1	7	87	1	0
58	0	0	0	1	4	0.5	1.5	1	0	0	3	1	7	88	1	0
59	0	0	0	1	4	0.5	1.5	0.5	0	0	3	1	7	90	1	0
60	0	0	0	1	4	0.5	1.5	0.5	0	0	3	1	7	91	1	0
61	0	0	0	1	4	0.5	1.5	0.5	0	0	3	1	7	92	1	0
62	0	0	0	1	5	0.5	1.5	0.5	0	0	3	1	7	93.5	1	0
63	0	0	0	1	5	0.5	1.5	0.5	0	0	3.5	1	7	94	1	0
64	0	0	0	1	5	0.5	1.5	1	0	0	3.5	1	6.5	97.5	1	0
65	0	0	0	1	5	0.5	1.5	1	0	0	3.5	1	4	98	1	0
66	0	0	0	1	5	0.5	1.5	1	0	0	3.5	1	3.5	98	1	0
67	0	0	0	1	5	0.5	1.5	1	0	0	3.5	1	3.5	98.5	1	0
68	0	0	0	1	5	0.5	1.5	1	0	0	3.5	1	3.5	99	1	0
69	0	0	0	1	5	0.5	1.5	1	0	0	3.5	1	2.5	99.5	1	0
70	0	0	0	1	5	0.5	1.5	1	0	0	3.5	1	2.5	100	1	0
71	0	0	0	1	5	0.5	1.5	1	0	0	3.5	1	2.5	100	1	0
72	0	0	0	1	5	0.5	1.5	1	0	0	3.5	1	2.5	100.5	1	0
73	0	0	0	1	5	0.5	1.5	1	0	0	3.5	1	2.5	100.5	1	0
74	0	0	0	1	5	0.5	1.5	1	0	0	3.5	1	2.5	100.5	1	0
75	0	0	0	1	5	0.5	1	1	0	0	3.5	1	2.5	100.5	1	0
76	0	0	0	1	5	0.5	1	1	0	0	3.5	1	2.5	100.5	1	0
77	0	0	0	1	5	0.5	1	1	0	0	3.5	1	2	100.5	1	0
78	0	0	0	1	5	0.5	1	1	0	0	3.5	0	2	100.5	1	0
79	0	0	0	1	5	0.5	1	1	0	0	3.5	0	2	100.5	1	0
80	0	0	0	1	5	0.5	1	1	0	0	3.5	0	2	100.5	1	0
81	0	0	0	1	5	0.5	1	1	0	0	3.5	0	2	100.5	1	0
82	0	0	0	1	5	0.5	1	1	0	0	3.5	0	2	100.5	1	0
83	0	0	0	1	5	0.5	1	1	0	0	3.5	0	2	100.5	1	0
84	0	0	0	1	3	0.5	1	1	0	0	3.5	0	0	100.5	1	0
85	0	0	0	1	3	0.5	3	1	0	0	3.5	0	0	106	1	0
86	0	0	0	1	3	0.5	3	1	0	0	3.5	0	0	107.5	1	0
87	0	0	0	1	3	0.5	5.5	1	0	0	3.5	0	0	107.5	1	0
88	0	0	0	1	3	0.5	5.5	1	0	0	3.5	0	0	110.5	0.5	0
89	0	0	0	1	3	0.5	5.5	1	0	0	3.5	0	0	110.5	0.5	0
90	0	0	0	0.5	3	0.5	5.5	1	0	0	3.5	0	0	116	0	0
91	0	0	0	0.5	3	0.5	6.5	1	0	0	3	0	0	115	0	0
92	0	0	0	0.5	3	0.5	6.5	1	0	0	3	0	0	118	0	0
93	0	0	0	0.5	3	0.5	6.5	1	0	0	2	0	0	123	0	0
94	0	0	0	0.5	3	0.5	6.5	1	0	0	2	0	0	127.5	0	0
95	0	0	0	0.5	3	0.5	6.5	1	0	0	2	0	0	125.5	0	0
96	0	0	0	0.5	3	0.5	6.5	1	0	0	2	0	0	124	0	0
97	0	0	0	0.5	3	0.5	6.5	1	0	0	2	0	0	124.5	0	0
98	0	0	0	0.5	3	0.5	6.5	0.5	0	0	2	0	0	124.5	0	0
99	0	0	0	0.5	3	0.5	6	0.5	0	0	2	0	0	124.5	0	0
100	0	0	0	0.5	3	0.5	6	0.5	0	0	2	0	0	124.5	0	0
101	0	0	0	0.5	3	0.5	6	0.5	0	0	2	0	0	124.5	0	0
102	0	0	0	0.5	3	0.5	6	0.5	0	0	2	0	0	124	0	0
103	0	0	0	0.5	3	0.5	6	0.5	0	0	2	0	0	124	0	0.5
104	0	0	0	0.5	3	0.5	6	0.5	0	0	2	0	0	123.5	0	0.5
105	0	0	0	0.5	3	0.5	6	0.5	0	0	2	0	0	123.5	0	1
106	0	0	0	0.5	3	0.5	6	0.5	0	0	2	0	0	123	0	1
107	0	0	0	0.5	3	0.5	6	0.5	0	0	2	0	0	123.5	0	1
108	0	0	0	0.5	3	0.5	6.5	0.5	0	0	2	0	0	122.5	0	1
109	0	0	0	0.5	3	0.5	6.5	0.5	0	0	2	0	0	119	0	2
110	0	0	0	0.5	2.5	0.5	6.5	0.5	0	0	2	0	0	120	0	2
111	0	0	0	0.5	2.5	0.5	6.5	0.5	0	0	2	0	0	118.5	0	2
112	0	0	0	0.5	2.5	0.5	6.5	0.5	0	0	2	0	0	118.5	1.5	2.5
113	0	0	0	0.5	2.5	0.5	6.5	0.5	0	0	1.5	0	0	118.5	1.5	2.5
114	0	0	0	0	2.5	0.5	6.5	0.5	0	0	1.5	0	0	120	2.5	2.5
115	0	0	0	0	2.5	0.5	6.5	0.5	0	0	1.5	0	0	120	2.5	2.5
116	0	0	0	0	2.5	0.5	6.5	0.5	0	0	1.5	0	0	119	2.5	2.5
117	0	0	0	0	2.5	0.5	6.5	0.5	0	0	1.5	0	0	119.5	2.5	2.5
118	0	0	0	0	2.5	0.5	6.5	0.5	0	0	1.5	0	0	119	3.5	2.5
119	0	0	0	0	2.5	0.5	6.5	0.5	0	0	1.5	0	0	101	4.5	2.5
120	0	0	0	0	2.5	0.5	6.5	0.5	0	0	1.5	0	0	100	4.5	2.5
121	0	0	0	0	2	0.5	6.5	0.5	0	0	1.5	0	0	101	4.5	2.5
122	0	0	0	0	2	0.5	6.5	0.5	0	0	1.5	0	0	100	4.5	9.5
123	0	0	0	0	2	0.5	6.5	0.5	0	0	1.5	0	0	95	4.5	10
124	0	0	2	0	2	0.5	6.5	0.5	0	0.5	1	0	0	92.5	5.5	10
125	0	0	2	0	2	0	6.5	0.5	0	0.5	1	0	0	88.5	5.5	10
126	0	0	2	0	2	0	6.5	0.5	0	0.5	1	0	0	87.5	6.5	10.5
127	0	0	2	0	1	0	6.5	0.5	0	0.5	1	0	0	85	7	11
128	0	0	2	0	1	0	6.5	0.5	0	0.5	1	0	0	85	7	12
129	0	0	2	0	1	0	6.5	0.5	0	0.5	1	0	0	82.5	7	12
130	0	0	2	0	1	0	6.5	0.5	0	0.5	1	0	0	60.5	7	12.5
131	0	0	2	0	1	0	6.5	0.5	0	0.5	1	0	0	53	7	12.5
132	0	0	2	0	1	0	6.5	0.5	0	0.5	0.5	0	0	42	7	13
133	0	0	2	0	1	0	6.5	0.5	0	0.5	0.5	0	0	40.5	7	13
134	0	0	2	0	1	0	6.5	0.5	0	0.5	0.5	0	0	40.5	7	13
135	0	0	2	0	1	0	6.5	0.5	0	0.5	0.5	0	0	40.5	7	13
136	0	0	2	0	1	0	6.5	0.5	0	0.5	0.5	0	0	40.5	7	14
137	0	0	2	0	1	0	6.5	0.5	1	0.5	0.5	0	0	40.5	7	15
138	0.5	0	2	0	0	0	6.5	0.5	1	0.5	0.5	0	0	39.5	7	15
139	0.5	0	2	0	0	0	6.5	0.5	1	0.5	0	0	0	39	8	15
140	0.5	0	2	0	0	0	6.5	0	1	0.5	0	0	0	39	8	15.5
141	0.5	0	2	0	0	0	6.5	0	1	0.5	0.5	0	0	39	8	15.5
142	0.5	0	2	0	0	0	6.5	0	1	0.5	1	0	0	39	26.5	15.5
143	0.5	0	2	0	0	0	6.5	0	1	0.5	1	0	0	39	26.5	15.5
144	0.5	0	2	0	0	0	6.5	0	1	0.5	1	0	0	39	37.5	16
145	0.5	0	2	0	0	0	6.5	0	1	0.5	2	0	0	39	38.5	16
146	0.5	0	2	0	0	0	6.5	0	1	0.5	2	0	0	39	47	16
147	0.5	0	2	0	0	0	6.5	0	1	0.5	2	0	0	39	181.5	16.5
148	1	0	2	0	0	0	6.5	0	1	0.5	2	0	0	39	196.5	17
149	1	0	2	0	0	0	6.5	0	1	0.5	2	0	0	39	202.5	17.5
150	1	0	2	0	0	0	6.5	0	1	0.5	3.5	0	0	39	209	18
151	1	0	3	0	0	0	6.5	0	1	0.5	4	0	0	39	211	18.5
152	1	0	3	0	0	0	6.5	0	1	0.5	4	0	0	39	212.5	18.5
153	1	0	3	0	0	0	6.5	0	1	0.5	4	0	0	39	215.5	20
154	1	0	3	0	0	0	6.5	0	1.5	0.5	4	0	0	39	398	20
155	1	0	3	0	0	0	6.5	0	1.5	0.5	4	0	0	38.5	405.5	20.5
156	1	0	3	0	0	0	6.5	0	1.5	0.5	6.5	0	0	38.5	419	20.5
157	1	0	3	0	0	0	6.5	0	1.5	0.5	11.5	0	0	38.5	421	20.5
158	1	0	3	0	0	0	6.5	0	1.5	0.5	12	0	0	38.5	426.5	20.5
159	1	0	3	0	0	0	6.5	0	1.5	0.5	12	0	0	38.5	493	20.5
160	1	0	3	0	0	0	6.5	0	1.5	0.5	12.5	0	0	36.5	575.5	20.5
161	1	0	3	0	0	0	4	0	1.5	0.5	12.5	0	0	32	595.5	21
162	1	0	3	0	0	0	4	0	1.5	0.5	12.5	0	0	32	599	21
163	1	0	3	0	0	0	1	0	1.5	0.5	12.5	0	0	32	601	21
164	1	0	3	0	0	0	1	0	1.5	1	14.5	0	0	29	603.5	21
165	1	0	3	0	0	0	1	0	1.5	1	14.5	0	0	28.5	612	21
166	1	0	3	0	0	0	1	0	1.5	1	14.5	0	0	23	612.5	21.5
167	1	0	3	0	0	0	0	0	1.5	1	14.5	0	0	22	615	22
168	1	0	3.5	0	0	0	0	0	1.5	1	14.5	0	0	18.5	616	22
169	1	0	3.5	0	0	0	0	0	1.5	1	14.5	0	0	13	617.5	22
170	1.5	0	3.5	0	0	0	0	0	1.5	1	14.5	0	0	8	620	22
171	1.5	0	3.5	0	0	0	0	0	1.5	1	14.5	0	0	8	625.5	22
172	1.5	0	3.5	0	0	0	0	0	1.5	1	14.5	0	0	7	683.5	22
173	1.5	0	3.5	0	0	0	0	0	1.5	1	14.5	0	0	7	691	22
174	1.5	0	3.5	0	0	0	0	0	1.5	1	14.5	0	0	7	696.5	22
175	1.5	0	3.5	0	0	0	0	0	1.5	1	14.5	0	0	6.5	698.5	22
176	1.5	0	3.5	0	0	0	0	0	1.5	1	14.5	0	0	7	699	22
177	1.5	0	3.5	0	0	0	0	0	1.5	1	14.5	0	0	7	700.5	22.5
178	1.5	0	3.5	0	0	0	0	0	1.5	1	14.5	0	0	7	702	24.5
179	1.5	0	3.5	0.5	0	0	0	0	1.5	1	15	0	0	7	702	24.5
180	1.5	0	3.5	0.5	0	0	0	0	1.5	1	16	0	0	7	703.5	24
181	1.5	0	3.5	0.5	0	0	0	0	1.5	1	19	0	0	7	705.5	24
182	1.5	0	3.5	0.5	0	0	0	0	1.5	1	19	0	0	7	706.5	24.5
183	1.5	0	3.5	0.5	0	0	0	0	1.5	1	19	0	0	6.5	707	27
184	1.5	0	3.5	0.5	0	0	0	0	1.5	1	19.5	0	0	6.5	707	78.5
185	1.5	0	3.5	0.5	0	0	0	0	1.5	1	20	0	0	6	708	158.5
186	1.5	0	3.5	1.5	0	0	0	0	1.5	1	20.5	0	0	5	708	167.5
187	1.5	0	3.5	1.5	0	0	0	0	1.5	1.5	20.5	0	0	5	708	168
188	1.5	0	3.5	1.5	0	0	0	0	1.5	3	20.5	0	0	5	705.5	180
189	1.5	0	4	1.5	0	0	0	0	1.5	3	20.5	0	0	5	705.5	183
190	1.5	0	4	1.5	0	0	0	0	1.5	3	22	0	0	3	704.5	191
191	1.5	0	4	1.5	0	0	0	0	1.5	3	22.5	0	0	3	704.5	192.5
192	1.5	0	4	1.5	0	0	0	0	1.5	3.5	22.5	0.5	0	3	704.5	193.5
193	1.5	0	4	1.5	0	0	0	0	1.5	3.5	22.5	0.5	0	3	704.5	195.5
194	1.5	0	4.5	1.5	0	0	0	0	1.5	3.5	22.5	0.5	0	3	705.5	195.5
195	1.5	0	4.5	1.5	0	0	0	0	1.5	3.5	22.5	0.5	0	3	705	196
196	1.5	0	4.5	1.5	0	0	0	0	1.5	4	22.5	0.5	0	3	705	196.5
197	1.5	0	4.5	1.5	0	0	0	0	1.5	4	23	0.5	0	1	705	196
198	1.5	0	4.5	1.5	0	0	0	0	1.5	4	23	0.5	0	0.5	705	189.5
199	1.5	0	4.5	1.5	0	0	0	0	1.5	4	23	1	0	0.5	704.5	203.5
200	1.5	0	2.5	1.5	0	0	0	0	1.5	4	23	1	0	0.5	705	204
201	1.5	0	9	1.5	0	0	0	0	1.5	4	24.5	1	0	0.5	705	216
202	1.5	0	10.5	2	0	0	0	0	1.5	4	38.5	1	0	0.5	703.5	217.5
203	1.5	0	11.5	2	0	0	0	0	1.5	4	39.5	1	0	0.5	703.5	217.5
204	1.5	0	17.5	2	0	0	0	0	1.5	4	41	1.5	0	0.5	703	219
205	1.5	0	17.5	2	0	0	0	0	1.5	4	41	1.5	0	0.5	703	219.5
206	1.5	0	17.5	2	0	0	0	0	1.5	4	51	2	0	0.5	703	218.5
207	1.5	0	17.5	2	0	0	0	0	1.5	4	51.5	2	0	0.5	703	219
208	1.5	0	17.5	2.5	0	0	0	0	1.5	4	52.5	4.5	0	0.5	702.5	219.5
209	1.5	0	18	2.5	0	0	0	0	1.5	4	52.5	5	0	0.5	702.5	219.5
210	1.5	0	18.5	2.5	0	0	0	0	1.5	4	53	7	0	1	703	219.5
211	1.5	0	18.5	2.5	0	0	0	0	1	4	55.5	10	0	1.5	703	220
212	1.5	0	18.5	2.5	0	0	0	0	1	4	55.5	10	0	1.5	703	219
213	1.5	0	18.5	2.5	0	0	0	0	0.5	4	55.5	10	0	1.5	703	217.5
214	1	0	19	2.5	0	0	0	0	0.5	4	55.5	10	0	1.5	703	217.5
215	1	0	28.5	2.5	0	0	0	0	0.5	4	56.5	12	0	1.5	702.5	217.5
216	1	0	28.5	2.5	0	0	0	0	0.5	4	58	12	0	1.5	702.5	217
217	1	0	29.5	2.5	0	0	0	0	0.5	4	58	12	0	1.5	700.5	217
218	1	0	29.5	3	0	0	0	0	0.5	4	58.5	12	0	1.5	682	217.5
219	1	0	29.5	3	0	0	0	0	0	4	58.5	12	1	1.5	681.5	217.5
220	1	0	30	3	0	0	0	0	0	4	58.5	12.5	1	1.5	668.5	218
221	1	0	30.5	3	0	0	0	0	0	4	57.5	12.5	1	1.5	666	218
222	1	0	30.5	3	0	0	0	0	0	4	57.5	12.5	1	1.5	651.5	218
223	1	0	31	3	0	0	0	0	0	4	57.5	12.5	1	1.5	506	218
224	1	0	31	3	0	0	0	0	0	4	57.5	12.5	1	1.5	503.5	218
225	1	0	31	3	0	0	0	0	0	4	57	12.5	1	1.5	500	217.5
226	1	0	31	3	0	0	0	0	0	4	56	12.5	1	1.5	495	217
227	1	0	30	3	0	0	0	0	0	4	55.5	14	1	1.5	495	216.5
228	1	0	30	3	0	0	2	0	0	4	55.5	16.5	1	1.5	494	216.5
229	1	0	30	3	0	0	5	0	0	4	55.5	16.5	1	1.5	459	215
230	1	0	30	3	0	0	6	0	0	4	55.5	17	1.5	1.5	300.5	215
231	1	0	30	3	0	0	6.5	0	0	4	55.5	18	1.5	1.5	285	215
232	1	0	30	3	0	0	6.5	0	0	4	53	18.5	1.5	1.5	274	215
233	1	0	30	3	0	0	7	0	0	4	48	26.5	1.5	1.5	274	215
234	1	0	30	3.5	0	0	12.5	0	0	4	47.5	34	2.5	1.5	270	215
235	1	0	30	4	0	0	21	0	0	4	47.5	34.5	2.5	1.5	199.5	215
236	1	0	30	4	0	0	25	0	0	4	47	35	3	1.5	96	215
237	1	0	30	4	0	0	30.5	0	0	4	47	35.5	3.5	1.5	95.5	214.5
238	1	0	30	6.5	0	0	33	0	0	4	47	35.5	3.5	1.5	95.5	214.5
239	1	0	30	6.5	0	0	35	0	0	4	47	43.5	3.5	1.5	95.5	214.5
240	1	0	30	7	0	0	37	0	0	3.5	45	44.5	3.5	1.5	94	214.5
241	1	0	30	7	0	0	38	0	0	3.5	45	44.5	3.5	1.5	87.5	214.5
242	1	0	30	7	0	0	38	0	0	3.5	45	45.5	4	1.5	87.5	213.5
243	2.5	0	30	7	0	0	39	0	0	3.5	45	46	4.5	1.5	87.5	213.5
244	3.5	0	29.5	7	0	0	39	0	0	3.5	45	46.5	4.5	1.5	87.5	213
245	3.5	0	29.5	7.5	0	0	39	0	0	3.5	45	47	4.5	1.5	87	213
246	3	0	29.5	7.5	0	0	39	0	0	3.5	45	47	4.5	1.5	86.5	213
247	3	0	29.5	8	0	0	39.5	0	0	3.5	45	47	4.5	1.5	74.5	213
248	3	0	29.5	13	0	0	40	0	0	3.5	45	47.5	4.5	1.5	12.5	213
249	3	0	29.5	13.5	0	0	40.5	0	0	3.5	45	48	4.5	1.5	11.5	213
250	3	0	29.5	13.5	0	0.5	41	0	0.5	3.5	45	48.5	4.5	2	7	213
251	3	0	29.5	13.5	0	0.5	42	0	0.5	3.5	45	48.5	4.5	2	6	213
252	3	0	29.5	14.5	0	0.5	42.5	0	0.5	3.5	45	50	4.5	1.5	6	212
253	3	0	29.5	14.5	0	0.5	42.5	0	0.5	3.5	45	53	4.5	1.5	6.5	212
254	3	0	29.5	14.5	0	0.5	43	0	1	3.5	45	53.5	4.5	1.5	6	210
255	3	0	29.5	14.5	0.5	0.5	49	0	1	3.5	44.5	53.5	4.5	2	6	210
256	3	0	29.5	15	1	0.5	51	0	1	3.5	40	55.5	4.5	2.5	5.5	210
257	3	0	29.5	15.5	1	0.5	51	0	1	3.5	40	56	4.5	41	5.5	210
258	3	0	29.5	15.5	1.5	0.5	51	0	1	3.5	39.5	56.5	4.5	44.5	5.5	209
259	3	0	29.5	16	1.5	0.5	52.5	0	1	3.5	39.5	56.5	4.5	48	5.5	205
260	3	0	29.5	16.5	2	0.5	53	0	1	3.5	38.5	56.5	4.5	51.5	5.5	148
261	3	0	29.5	16.5	2	0.5	53	0	1	3.5	38.5	58	4.5	54.5	5.5	60.5
262	3	0	29.5	16	2	0.5	53	0	1	3.5	38.5	58.5	4.5	55	5.5	59
263	3	0	29.5	16	2	0.5	53	0	1	3	38.5	58	4.5	57.5	5.5	55.5
264	3	0	29.5	16	2	0.5	53	0	1	1.5	38.5	58	4.5	59.5	5.5	46
265	3	0	29	17.5	2	0.5	53	0	1	1.5	38	58	4.5	61.5	5.5	46
266	3	0	29	17.5	2	0.5	53	0	1	1.5	37	58	4.5	61.5	5.5	38
267	3	0	29	17.5	2	0.5	53	0	1	1.5	37	58	4.5	61.5	5.5	38
268	3	0	29	17.5	2	0.5	53	0	1	1	37	56.5	4.5	64	5.5	37
269	3	0	28.5	17.5	2	0.5	53	0	1	1	37	56.5	4.5	64	3.5	35.5
270	3	0	28.5	17.5	2	0.5	53	0	1	1	37	56	4.5	67	2	35
271	3	0	28.5	17.5	2	0.5	53.5	0	1	1	37	56	4.5	71	2	35
272	3	0	28.5	17	2.5	0.5	53.5	0	1	0.5	37	56.5	4.5	72.5	2	34.5
273	3	0	28.5	17	2.5	0.5	54	0	1	0.5	36.5	56.5	4.5	74	2	34.5
274	3	0	28.5	17.5	2.5	0.5	54	0	1	0.5	36.5	56.5	4.5	76	2	29.5
275	3	0	28.5	18	2.5	0.5	54	0	1	0.5	36.5	56.5	4.5	81.5	2	19.5
276	3	0	28.5	18	2.5	0.5	54	0	1	0	36.5	56.5	4.5	85	2	15.5
277	3	0	20.5	18	2.5	0.5	54	0	1	0	33.5	56	4.5	87	2	5.5
278	3	0	19	17	3	0.5	54	0	2	0	17.5	56	4.5	87.5	2	3.5
279	3	0	18	19.5	3	0.5	54	0	2	0	17	56	4.5	88	2	3.5
280	3	0	12.5	19.5	3	0.5	54	0	2	0	17	55	4.5	88.5	2	1.5
281	3	0	12.5	19.5	3	0.5	54	0	2	0	16	55	4.5	90.5	2	1
282	3	0	12.5	19.5	3	0.5	54	0	2	0	7	55	4.5	92.5	2	1
283	3	0	12.5	19.5	3	0.5	54	0	2.5	0.5	6.5	55	4.5	96.5	2	0.5
284	3	0	12.5	19.5	3	0.5	54	0	2.5	0.5	6.5	52.5	4.5	100.5	1.5	0.5
285	3	0	12.5	20	3	0.5	54.5	0	2.5	0.5	6.5	52	4.5	102	1.5	0.5
286	3	0	12.5	20	3	0.5	54.5	0	2.5	0.5	6	47	4.5	103.5	1.5	0.5
287	3	0	12.5	20	3	0.5	54.5	0	2.5	0.5	3.5	47	4.5	103.5	1.5	0.5
288	3	0	12.5	20.5	3	0.5	54.5	0	2.5	0.5	3.5	47	4.5	106	1.5	0.5
289	3	0	12.5	20.5	3	0.5	54.5	0	2.5	0.5	3.5	47	4.5	162.5	1.5	1
290	3	0	12	21	3	0.5	54.5	0	2.5	0.5	3.5	47	4.5	167.5	1.5	1
291	3	0	2	22	3	0.5	54.5	0	2.5	0.5	3	47	4.5	171	1.5	1
292	3	0	1	22	3	0.5	54.5	0	2.5	1	1	47	4.5	175	1.5	1
293	3	0	0.5	22	3	0.5	54.5	0	2.5	1	1	47	4.5	177.5	1.5	1
294	3	0	0	22	3	0.5	54.5	0	3.5	1	0.5	47	4.5	177.5	1.5	1
295	2.5	0	0	22	3	0.5	54.5	0	3.5	1	0.5	47	0	178.5	1.5	1.5
296	1	0	0	27.5	3	0.5	55	0	3.5	1	0.5	47	0	180.5	1.5	1
297	0	0	0	27.5	3	0.5	55	0	3.5	1	0.5	47	0	180.5	1.5	1
298	0	0	0	27.5	3	0.5	55	0	3.5	1	0.5	47	0	180	1.5	1
299	0	0	0	38.5	3	0.5	55	0	3.5	1	1.5	47	0	181	1	1
300	0	0	0	39.5	3	0.5	55	0	3.5	1	1.5	47	0	182	0.5	1
301	0	0	0	40.5	3	0.5	55	0	3.5	1	1.5	47	0	185.5	0.5	1
302	0	0	0	40.5	3	0.5	55	0	3.5	1	1.5	47	0	185.5	0.5	1
303	0	0	0.5	42.5	3	0.5	55	0	3.5	1	1.5	45.5	0	185.5	0.5	2
304	0	0	0.5	42.5	3	0.5	52	0	3.5	1	1.5	43	0	186	0.5	2
305	0	0	0.5	43	3	0.5	49	0	3.5	1	1.5	43	0	186	0.5	6.5
306	0	0	0.5	43	3.5	0.5	47.5	0	3.5	1	1.5	42.5	0	187	0.5	7
307	0	0	0.5	44.5	3.5	0.5	46.5	0	3.5	1	1.5	41.5	0	187.5	0.5	7
308	0	0	0.5	44.5	3.5	0.5	46.5	0	3.5	1	1.5	40.5	0	188	0.5	7.5
309	0	0	0.5	44.5	3.5	0.5	45.5	0	3.5	1	1.5	30.5	0	188	0.5	7.5
310	0	0	0.5	44	3.5	0.5	38	0	3.5	1	2	23.5	0.5	198.5	0.5	8
311	0	0	0.5	43.5	3.5	0.5	23	0	3.5	1	2	23	0.5	199.5	0.5	9
312	0	0	0.5	43.5	3.5	0.5	21.5	0	3.5	1	2	23	0.5	209.5	0.5	10
313	0	0	0.5	49	3.5	0.5	11.5	0	3.5	1.5	2	22	0.5	209.5	0.5	10
314	0	0	0.5	46.5	3.5	0.5	12	0	3.5	1.5	2	22	0.5	209.5	0.5	26.5
315	0	0	0.5	46	3.5	0.5	9.5	0	3	1.5	2	12.5	0.5	209.5	0.5	28
316	0.5	0	0.5	46	3.5	0.5	6.5	0	3	1.5	2	12.5	0.5	210.5	0.5	29.5
317	0.5	0	0.5	46	3.5	0.5	6.5	0	3	1.5	2	10.5	0.5	211.5	0.5	29.5
318	0.5	0	0.5	46	3.5	0.5	6	0	3	2	2	10	0.5	211.5	0.5	42
319	1	0	0.5	46.5	3.5	0.5	5.5	0	3	3.5	2	10	0.5	211.5	0.5	43
320	1	0	0.5	46.5	3.5	0.5	5.5	0	3	3.5	2	10	0.5	212	0.5	43
321	1	0	0.5	46	3.5	0.5	5	0	3	4	2	10	0.5	212	0.5	51.5
322	1.5	0	0.5	46.5	3.5	0.5	4.5	0	3	4	2	10	0.5	212.5	0.5	52.5
323	1.5	0	0.5	46	3.5	0.5	3.5	0	3	7.5	2	10	0.5	213	0.5	55
324	1.5	0	0.5	41	3.5	0	3.5	0	3	12	2	9	0.5	213	0.5	55.5
325	1.5	0	0.5	40.5	3.5	0	3.5	0	3	16	2	9	0.5	213	0.5	56
326	1.5	0	0.5	40.5	3.5	0	3.5	0	2.5	18	2	8.5	0.5	212.5	0.5	56
327	1.5	0	0.5	41	3.5	0	3.5	0	2.5	19	2	8.5	0.5	212.5	0.5	57.5
328	1.5	0	0.5	40	3.5	0	3.5	0	2.5	19	5.5	6.5	0.5	212.5	0	76
329	1.5	0	0.5	42	3.5	0	3.5	0	2.5	19.5	5.5	3.5	0.5	212.5	0	161.5
330	1.5	0	0.5	42	3.5	0	3.5	0	2.5	21	5.5	3.5	0.5	212.5	0	168.5
331	1.5	0	0.5	43	1.5	0	3.5	0	2.5	59	5.5	2	0.5	211	0	169
332	1.5	0	0.5	42	1.5	0	3.5	0	2.5	60	20.5	2	0.5	205.5	0	169
333	1.5	0	0.5	42	1.5	0	3.5	0	2.5	62.5	22.5	2	0.5	149	0	190.5
334	1.5	0	0.5	42.5	1.5	0	3.5	0.5	2.5	63.5	23.5	2	0.5	141.5	0	190.5
335	1.5	0	0.5	42.5	1.5	0	3.5	0.5	2.5	64.5	24	2	0.5	135	0	192.5
336	1.5	0	0.5	43.5	1	0	3	0.5	2.5	64.5	24.5	2	0.5	134	0	245
337	1.5	0	0.5	45.5	1	0	3	0.5	2.5	68	26.5	2	0.5	131	0	247.5
338	1.5	0	0.5	80	1	0	3	1.5	2.5	68.5	29	2	0.5	131	0	256.5
339	1.5	0	0.5	91	1	0	3	1.5	2.5	69	29	2	0.5	127.5	0	258
340	1.5	0	0.5	93.5	1	0	2.5	1.5	2.5	69	30.5	2	0.5	125	0	266
341	1.5	0	0.5	99	1.5	0	2.5	1.5	2.5	68.5	30.5	3	0.5	122.5	0	278
342	1.5	0	0.5	100.5	2.5	0	2.5	2	2.5	68.5	31	3	0.5	122.5	0	279.5
343	1.5	0	0.5	104	2.5	0	2.5	2	2.5	68.5	31	4.5	0.5	122.5	0	280.5
344	1.5	0	0.5	105	2.5	0	2.5	2	2.5	68.5	31.5	39.5	0.5	122.5	0	280.5
345	1.5	0	0.5	105	3	0	2.5	2	2.5	68.5	31.5	41.5	0.5	122.5	0	282
346	1.5	0	0.5	105	4.5	0	2.5	2	2.5	68.5	31.5	45.5	0.5	122.5	0	282.5
347	2	0	0.5	105	5.5	0	2.5	2	2.5	70	31.5	46.5	0.5	122.5	0	282.5
348	2	0	0.5	105.5	5.5	0	2.5	2	2.5	81.5	31.5	54.5	0.5	122.5	0	283.5
349	2	0	0.5	106	7.5	0	2	2	2.5	84	31.5	54.5	0.5	122.5	0	284
350	2	0	0.5	105	8	1.5	2	2	2.5	84	157	54.5	0.5	123	0	284.5
351	2	0	0.5	105.5	8	2	2	2	2.5	85.5	184.5	54.5	0.5	123	0	284.5
352	2	0	0.5	105.5	8	3	2	3	2.5	86	189	55	0.5	122.5	0	285.5
353	2	0	0.5	106	8.5	3	2	3	2.5	86.5	202	55.5	0.5	122.5	0	286
354	2	0	0.5	106	9.5	3	2	3	1	86.5	460.5	59	0.5	123	0	287
355	2	0	0.5	102	9.5	3	2	3	1	86.5	470	90	0.5	122.5	0	287.5
356	2	0	0.5	102	9.5	3.5	2	3	1	86.5	543.5	96.5	0.5	122.5	0	287.5
357	2.5	0	0.5	102	9.5	3.5	2	3	1	86.5	557.5	97	0.5	122.5	0	288.5
358	2.5	0	0.5	102	10	3.5	2	3	1	87	576.5	97.5	0.5	124	0	288.5
359	2.5	0	0.5	102	10	3.5	2	3	1	87	596	98	0.5	119.5	0	288.5
360	2.5	0	0.5	102	10	3.5	1.5	3	1	87	607.5	98	0.5	114.5	0	288.5
361	2.5	0	0.5	102	10	3.5	1.5	3	1	87.5	613.5	98.5	0.5	114.5	0	288.5
362	2.5	0	0.5	102	10.5	3.5	1.5	3	1	87.5	616	98.5	0.5	114	0	288.5
363	2.5	0	0.5	102	11.5	3.5	1.5	3	1	88	621	98.5	0.5	113.5	0	288.5
364	2.5	0	0.5	102.5	13.5	3.5	1.5	3.5	1	88	627.5	98.5	0.5	110	0	288.5
365	2.5	0	0.5	102.5	14	3.5	1.5	4	1	88	628	99	0.5	46.5	0	288.5
366	2.5	0	0.5	102.5	14	3.5	1.5	6	1	88	630	99	0.5	45	0	289
367	2.5	0	0.5	101.5	14	3.5	1.5	7.5	1	88.5	631	99	0.5	42	0.5	289
368	2.5	0	0.5	101.5	14	3.5	1.5	10	1	88.5	631.5	99	0.5	41	0.5	288.5
369	2.5	0	0.5	101.5	14	3.5	1.5	11.5	0.5	88.5	631.5	99	0.5	39.5	0.5	288.5
370	2.5	0	0.5	101.5	14	3.5	1.5	15	0	88.5	632	99	0.5	39	0.5	288.5
371	2.5	0	0.5	101.5	14.5	3.5	1.5	15	0	88.5	633	99	1	39	0.5	288.5
372	2.5	0	0.5	96.5	14.5	3.5	1	15	0	88.5	633.5	99	1	37	0.5	288.5
373	2.5	0	0.5	96	15	3.5	1	15.5	0	88.5	633.5	99	1	37	0.5	288.5
374	2.5	0	0.5	96.5	17.5	3.5	1	15.5	0	88.5	633.5	99	1	37	0.5	288.5
375	2.5	0	0.5	85	18.5	3.5	1	16	0	88.5	632.5	99	1	37.5	0.5	288.5
376	2.5	0	0.5	84	18.5	3.5	1	17.5	0	88.5	632.5	99	1	36	0.5	289.5
377	2.5	0	0.5	84	19	3.5	1	18	0	88.5	632.5	99	1.5	34	0.5	289.5
378	2.5	0	0.5	82.5	20	3.5	1	18	0	88.5	632.5	99	1.5	34	0.5	289.5
379	2.5	0	0	81.5	20	3.5	1	18	0	88.5	632.5	99	2	34	0.5	288.5
380	2.5	0	0	82	20	3.5	1	19	0	88.5	632.5	99	2	34	0.5	288.5
381	2.5	0	0	81.5	21	3.5	1.5	21.5	0	88.5	632.5	99	2	34	0.5	283.5
382	2.5	0	0	81.5	20.5	3.5	1.5	35.5	0	88.5	632.5	99	3.5	33	0.5	283.5
383	2.5	0	0	80	20.5	3.5	1.5	36	0	88.5	632.5	99	8.5	32.5	0.5	283.5
384	2.5	0	0	80	20.5	3.5	1.5	36	0	88.5	633	99	10.5	32	0.5	283
385	2.5	0	0	80.5	20.5	3.5	1.5	36	0	88.5	633	99	11	29.5	0.5	282.5
386	2.5	0	0	80.5	20.5	3.5	1.5	36.5	0	88.5	632.5	99	11	20.5	0.5	282
387	2.5	0	0	80.5	21	3.5	1.5	36.5	0	88.5	632.5	99	12	18	0.5	281.5
388	2.5	0	0	80.5	21.5	3.5	1.5	37	0	88.5	632.5	99	13	13.5	0.5	280.5
389	2.5	0	0	74.5	21.5	5.5	2	37	0	88	632.5	99	15.5	13.5	0.5	280
390	2.5	0	0	75	22	5.5	1	37	0	88	632.5	99	16.5	13.5	0.5	262
391	2.5	0	0	74.5	22	7	1	37	0	88	632.5	99	16.5	13.5	0.5	260.5
392	2	0	0	76	22.5	7.5	1.5	37	0	88	632.5	99	17.5	13	0.5	260
393	2	0	0	76.5	23	7.5	1.5	37	0	88	632.5	99	17.5	14.5	0.5	258
394	2	0	0	76.5	23	7.5	1.5	37	0	87.5	632.5	99	17.5	15	0.5	246
395	2	0	0	76.5	23	13.5	1.5	37.5	0	86	632.5	99	18	16	0.5	246
396	2	0	0	76.5	23	13.5	1.5	37.5	0	86	632.5	99	19	15.5	0.5	245.5
397	2.5	0	0	77	23	14	1.5	37.5	0	86	632.5	99	19	15	0.5	238
398	2	0	0	77	23	14	1.5	38	1	86	632.5	99	22	15	0.5	237
399	2	0	0	77	23	14.5	1.5	38	1	82.5	632.5	99	22	15	0.5	236.5
400	2	0	0	77	23	15	1.5	37.5	1	78	632.5	99	22	16	0.5	236.5
401	2	0	0	77	23.5	15.5	1.5	37.5	1	70.5	632.5	99	22	16	0.5	236
402	2	0	0	77	23.5	15.5	1.5	37.5	1	70.5	632.5	99	22	16	0.5	235.5
403	2	0	0	75.5	23.5	15.5	1.5	37.5	1	70.5	631.5	99	23	16	0.5	233.5
404	2	0	0	76	30	15.5	1.5	38.5	1	70.5	629	99	27.5	16	0.5	213.5
405	2	0	0	75	30	15.5	1.5	38	1.5	70	629	99	28.5	16	0.5	119.5
406	2	0	0	75	30	15.5	1.5	38.5	1.5	68.5	629	99	28.5	24	0.5	117
407	2	0	0	74	30	15.5	1.5	39	1.5	26	628.5	98.5	29.5	86.5	0.5	NA
408	2	0	0	74	30.5	15.5	1.5	39	1.5	26	609.5	98.5	30	107.5	0.5	NA
409	2	0	0	74.5	31	15.5	2	39	1.5	24.5	609.5	98.5	53.5	110	0.5	NA
410	2	0	0	74	31	16	2	38.5	1.5	24.5	608.5	98.5	55.5	113.5	0.5	NA
411	2	0	0	74	31	16	2	38.5	1.5	23.5	608.5	98.5	56	117	0.5	NA
412	2	0	0	72.5	30.5	16	2	38.5	1.5	23	608	98.5	56	158	0.5	NA
413	2	0	0	69	30.5	16	2	38.5	1.5	19.5	606	97.5	56.5	159	0.5	NA
414	2	0	0	26	30	16	2	38.5	1.5	19.5	603	97.5	58.5	160	0.5	NA
415	2	0	0	17.5	30	16	2.5	38.5	1.5	19.5	603	97	58.5	161	0.5	NA
416	2	0	0	16.5	30.5	16	2.5	38.5	1.5	19.5	603	97	58.5	161	0.5	NA
417	2	0	0	11	30	16	2.5	38.5	1.5	19.5	603	96.5	59	161.5	0.5	NA
418	2	0	0	10.5	29	16	3	38.5	1.5	23	602.5	96.5	59	162	0.5	NA
419	1.5	0	0	8	32.5	16	3	38.5	1.5	23	602.5	95	59	163.5	0.5	NA
420	1.5	0	0	8	32.5	16	3	38.5	1.5	23	602.5	58	59	163.5	2	NA
421	1.5	0	0	8	31.5	16	3	38.5	1.5	23.5	602.5	57.5	59.5	163.5	2.5	NA
422	1.5	0	0	8.5	29.5	16	3	38.5	1.5	24	602.5	53	60.5	164	2.5	NA
423	1.5	0	0	8.5	27	16	3	38.5	1.5	23	602.5	53	68	164	3.5	NA
424	1.5	0	0	8.5	27.5	16	3	38.5	1.5	9	600.5	45	68	164	7	NA
425	1.5	0	0	8.5	28.5	15.5	3	38.5	1.5	9	594.5	45	73	164	7	NA
426	1.5	0	0	8.5	28	13.5	3	38.5	1.5	11	423.5	44	93	163.5	8	NA
427	1.5	0	0	8	27.5	13.5	3	38	1.5	25.5	410	44	100.5	163.5	12	NA
428	1.5	0	0	8	27.5	12.5	3	37	1.5	26.5	406	43.5	144.5	163.5	16.5	NA
429	1.5	0	0	8	27	12.5	3	37	1.5	26.5	344.5	42.5	145	163.5	19	NA
430	1.5	0	0	9.5	26.5	12.5	3	39.5	1.5	26.5	98	38	155.5	163.5	20	NA
431	1.5	0	0	10.5	26	12.5	3	321.5	1.5	26.5	86	1.5	157	163.5	22	NA
432	1.5	0	0	10.5	26	12.5	3	343	1.5	29.5	10.5	1.5	173.5	164	31	NA
433	1	0	0	10.5	26	12.5	3	350	1.5	40	10	0.5	179.5	163.5	33.5	NA
434	1	0	0	10.5	27	12.5	3	353.5	1.5	40	8	0.5	180	161	33.5	NA
435	1	0	0	11	27	12.5	3	356	1.5	40.5	8	0.5	184	161	33.5	NA
436	1	0	0	10.5	27.5	12.5	3	360	1.5	40.5	6	0.5	190.5	161	33.5	NA
437	1	0	0	10.5	28	12.5	3	407	1.5	40.5	5.5	0.5	190.5	161	34	NA
438	1	0	0	11	28	12.5	3	503.5	1.5	41	5	0.5	190.5	161	34	NA
439	1	0	0	11	27.5	12.5	3	531.5	1.5	41	4.5	0.5	190.5	161	34	NA
440	1	0	0	11	27.5	12.5	3	536	1.5	41.5	1	0	190.5	161	34.5	NA
441	1	0	0	11.5	27.5	12.5	3	542.5	1.5	43	0.5	0	191	161	34.5	NA
442	1	0	0	16.5	29	12.5	3	545	1.5	43.5	0.5	0	191	161	34.5	NA
443	1	0	0	17	29	12.5	3	548.5	1.5	45	0.5	0	191.5	161	35.5	NA
444	1	0	0	17	29	12.5	3	548	1.5	45	0.5	0	197	161	35.5	NA
445	1	0	0	17	29	12.5	3	547.5	1.5	67.5	0.5	0	197.5	161	36	NA
446	1	0	0	17	29	12.5	3	548.5	1.5	68.5	0.5	0	250	161	36.5	NA
447	1	0	0	16	29.5	12.5	3	552	1.5	69.5	0.5	0	254.5	161	37	NA
448	1	0	0	16.5	29.5	12.5	3	552.5	1.5	69.5	0.5	0	255.5	161	37	NA
449	1	0	0	16.5	27	12.5	3	554.5	1.5	78	0.5	0	256.5	161	44.5	NA
450	1	0	0	16.5	25	12.5	3	554.5	1.5	79.5	0.5	0	257	160	70.5	NA
451	1	0	0	16.5	25	12.5	3	554.5	1.5	80	0.5	0	257.5	160	71.5	NA
452	1	0	0	16.5	25	12.5	3	559	1.5	93.5	0.5	0	270	158.5	73.5	NA
453	1	0	0	16.5	24.5	12.5	3	561	1.5	93.5	0.5	0	338	158.5	73.5	NA
454	1	0	0	16.5	24.5	12.5	3	565.5	1.5	95.5	0.5	0	343.5	158.5	173.5	NA
455	1	0	0	16.5	24.5	12.5	3	587.5	1.5	96	0.5	0	345.5	158.5	306.5	NA
456	1	0	0	16	24.5	12.5	3	588	1.5	130.5	0.5	0	511.5	158.5	317	NA
457	1	0	0	16	24.5	12.5	3	595	1.5	152	0	0	591.5	158.5	321	NA
458	1	0	0	16	24.5	12.5	2.5	584.5	1.5	169.5	0	0	701	158.5	360.5	NA
459	1	0	0	16	24.5	12.5	2.5	586.5	1.5	171	0	0	739.5	158.5	364.5	NA
460	1	0	0	15.5	24.5	12.5	3	589	1.5	171.5	0	0	744.5	158.5	368	NA
461	1	0	0	15.5	24.5	12.5	3	593	1.5	175.5	0	0	746	158.5	371.5	NA
462	1	0	0	15.5	24.5	12.5	3	592.5	1.5	180	0	0	750.5	158.5	373	NA
463	1	0	0	15.5	23.5	12.5	3	592.5	1.5	183	0	0	869.5	158	397.5	NA
464	1	0	0	15.5	23	12	3	592	1.5	226	0	0	880	154.5	399	NA
465	1	0	0	15.5	23.5	10	3	592.5	1.5	319.5	0	0	881.5	154.5	401.5	NA
466	1	0	0	15	23	8	3	592.5	2	326.5	0	0	886.5	154.5	403	NA
467	1	0	0	15	76	6.5	3	593	2	339	0	0	914.5	154.5	405.5	NA
468	1	0	0	13.5	81.5	6.5	2.5	593	2	417	0	0	925	154.5	408	NA
469	0.5	0	0	13	81	6.5	2.5	593	2.5	423.5	0	0	1067	151.5	408	NA
470	0.5	0	0	13	84	6	2	593	2.5	427.5	0	0	1521.5	149.5	408	NA
471	0.5	0	0	13	85.5	0.5	2	593.5	2.5	433	0	0	1574	149.5	408	NA
472	0.5	0	0	12.5	86	0.5	2	593.5	2	442.5	0	0	1583.5	149.5	408	NA
473	0	0	0	12.5	87	0.5	2	593.5	2	454.5	0	0	1608.5	149.5	408.5	NA
474	0	0	0	12.5	87.5	0.5	2	593.5	1	464	0	0	1646	149.5	408.5	NA
475	0	0	0	12.5	89	0.5	2	593.5	1	468	0	0	1662	149.5	408.5	NA
476	0	0	0	12.5	88.5	0.5	2	593.5	1.5	477.5	0	0	1668	149.5	409	NA
477	0	0	0	12.5	89	0.5	2	594.5	1.5	483	0	0	1673.5	149.5	409	NA
478	0	0	0	12.5	89	0.5	2	594.5	1.5	485	0	0	1679.5	149.5	409.5	NA
479	0	0	0	12.5	89.5	0.5	2	594.5	1.5	492	0	0	1684.5	149.5	409.5	NA
480	0	0	0	12	83.5	0.5	2	594.5	1.5	499.5	0	0	1683.5	149.5	409.5	NA
481	0	0	0	11	83.5	0.5	2	594.5	1.5	505	0	0	1688	149.5	409.5	NA
482	0	0	0	11	83	0.5	2	595	1.5	508.5	0	0	1691.5	140.5	409.5	NA
483	0	0	0	11	83.5	0.5	2	594.5	2	511	0	0	1692.5	54.5	409.5	NA
484	0	0	0	11	85.5	0.5	2	594.5	2	513.5	0	0	1688.5	48.5	410	NA
485	0	0	0	11	85	0.5	2	594	2	514.5	0	0	1669.5	48	410	NA
486	0	0	0	11	86	0	2	594.5	2.5	514.5	0	0	1671	45	410	NA
487	0	0	0	11	86	0	2	594.5	2.5	514.5	0	0	1671.5	42	410.5	NA
488	0	0	0	11	86	0	2	594.5	2.5	514.5	0	0	1670.5	4	410.5	NA
489	0	0	0	11	86	0	2	594.5	2.5	514.5	0	0	1670	2	410.5	NA
490	0	0	0	11	87	0	2	594.5	3.5	514.5	0	0	1670	1.5	410.5	NA
491	0	0	0	11	87	0	1	594.5	3.5	514.5	0	0	1668.5	1.5	410.5	NA
492	0	0	0	11	86.5	0	1	594.5	3.5	514.5	0	0	1670	1.5	410.5	NA
493	0	0	0	11	84.5	0	1	594.5	3.5	514.5	0	0	1671.5	1.5	410.5	NA
494	0	0	0	11	84	0	1	594.5	3.5	510	0	0	1671.5	1.5	410.5	NA
495	0	0	0	11	81	0	1	594.5	4	510	0	0	1671.5	1.5	410.5	NA
496	0	0	0	11	81	0	1	594.5	7.5	510	0	0	1671.5	1.5	408.5	NA
497	0	0	0	11	81	0	1	594.5	9	509.5	0	0	1671.5	1.5	408.5	NA
498	0	0	0	10.5	81	0	1	594.5	9.5	509	0	0	1670	1.5	408.5	NA
499	0	0	0	10.5	81	0	1	594.5	9.5	509	0	0	1662.5	1.5	407	NA
500	0	0	0	10.5	80.5	0	1	594.5	9.5	508	0	0	1660.5	1.5	403.5	NA
501	0	0	0	10.5	79.5	0	1	594.5	12	507	0	0	1656	1.5	403.5	NA
502	0	0	0	10.5	80	0	1	594.5	12.5	505.5	0	0	1628	1.5	402.5	NA
503	0	0	0	10.5	81	0	1	594.5	12.5	489.5	0	0	1620	1.5	398	NA
504	0	0	0	10.5	81	0	1	594.5	12.5	489.5	0	0	1584	1.5	393.5	NA
505	0	0	0	9.5	81	0	1	594	12.5	489.5	0	0	1582	1.5	390	NA
506	0	0	0	8.5	81	0	1	570.5	12.5	489.5	0	0	1570	1.5	390	NA
507	0	0	0	8	81	0	1	284	13.5	489	0	0	1570	1.5	386.5	NA
508	0	0	0	8	81	0	1	280.5	13.5	486	0	0	1555.5	1.5	376	NA
509	0	0	0	8	81	0	1	277.5	14	473	0	0	1550.5	1.5	376	NA
510	0	0	0	8	80	0	1	244	14	473	0	0	1550	1.5	375	NA
511	0	0	0	7	80	0	1	244	14.5	473	0	0	1545.5	1.5	375	NA
512	0	0	0	6.5	77.5	0.5	1	242	15.5	473	0	0	1540.5	1.5	375	NA
513	0	0	0.5	6.5	77.5	0.5	1	197	16	473.5	0	0	1540.5	1.5	374.5	NA
514	0	0	0.5	6.5	77.5	0.5	1	89	16.5	473.5	0	0	1540.5	2	374.5	NA
515	0	0	0.5	6.5	77.5	0.5	1	75	16.5	473.5	0	0	1540.5	2	374.5	NA
516	0	0	0.5	6	77.5	0.5	1	72	18	473	0	0	1540.5	2	374.5	NA
517	0	0	0.5	5	77.5	1	1	71	20.5	472	0	0	1540.5	2	374.5	NA
518	0	0	0.5	0.5	76	1	1	65.5	23.5	472	0	0	1540.5	2	374.5	NA
519	0	0	0.5	0.5	76	1	1	65.5	24	470.5	0	0	1539.5	2	373.5	NA
520	0	0	0.5	0.5	76.5	1	1	65	27.5	470.5	0	0	1534	2	373.5	NA
521	0	0	0.5	0.5	76.5	1	2	63	28	443	0	0	1530.5	2	373	NA
522	0	0	0.5	0.5	76.5	1	2	63	33.5	443	0	0	1472.5	2	373	NA
523	0	0	0.5	0.5	88.5	1	2	64	35	443	0	0	1472	2	373	NA
524	0	0	0.5	0.5	88.5	1	2	64	35	441	0	0	1471.5	2	372.5	NA
525	0	0	0.5	0.5	89	1	2	64	36.5	430	0	0	1471.5	2	364.5	NA
526	0	0	0.5	0.5	89.5	1.5	2	64	36.5	429.5	0	0	1471.5	2	335.5	NA
527	0	0	0.5	0.5	90	1.5	2	63	40	428	0	0	1468	2	334.5	NA
528	0	0	0.5	0.5	90	1.5	2	56	41	411.5	0	0	1448.5	2	333.5	NA
529	0	0	0.5	0.5	90	1.5	2	53.5	41.5	411	0	0	1382.5	2	326.5	NA
530	0	0	0.5	0.5	89.5	1.5	2	46.5	42	412.5	0	0	1377	2	220.5	NA
531	0	0	0.5	0.5	90.5	1.5	2	27.5	42	405	0	0	1373	2	86.5	NA
532	0	0	1	0.5	90.5	1.5	2	24	42	340	0	0	1193.5	2	82	NA
533	0	0	1	0.5	96	1.5	1.5	16	42.5	335.5	0	0	1086	2	77	NA
534	0	0	1	0.5	96	1.5	1.5	9.5	42.5	323	0	0	967.5	2	38	NA
535	0	0	1	0.5	97.5	1.5	1.5	9.5	42.5	321	0	0	952	2	38	NA
536	0	0	1	0.5	109	2	1	6	43.5	321	0	0	952	2	NA	NA
537	0	0	1.5	0.5	109.5	2	1	3	44.5	320.5	0	0	949.5	2	NA	NA
538	0	0	1.5	0.5	112.5	2	1	3	45	320.5	0	0	939.5	2	NA	NA
539	0	0	1.5	0.5	113	2.5	1	3	46.5	309	0	0	812.5	2	NA	NA
540	0	0	1.5	0.5	126	2.5	1	3	46.5	249	0	0	803.5	2	NA	NA
541	0	0	1.5	0.5	177.5	2.5	1	2	53	133.5	0	0	802	2	NA	NA
542	0	0	1.5	0.5	173.5	2.5	1	2	54.5	127.5	0	0	799	2	NA	NA
543	0	0	2.5	0.5	164.5	2.5	1	2	463.5	105	0	0	766	NA	NA	NA
544	0	0	2.5	0.5	175	2.5	1	2	479	15.5	0	0	753	NA	NA	NA
545	0	0	2.5	0.5	178.5	2.5	1	2	630.5	8.5	0	0	556	NA	NA	NA
546	0	0	2.5	0.5	183.5	2.5	1	2	641.5	8.5	0	0	77	NA	NA	NA
547	0	0	2.5	0.5	200	2.5	1	1.5	739	8.5	0	0	NA	NA	NA	NA
548	0	0	2.5	0.5	252.5	2.5	1	1.5	747	8.5	0	0	NA	NA	NA	NA
549	0	0	2.5	0.5	255	2.5	2	1.5	750.5	6.5	0	0	NA	NA	NA	NA
550	0	0	2.5	1	258	2.5	2.5	1.5	751	5.5	0	0	NA	NA	NA	NA
551	0	0	2.5	1	258.5	2.5	2.5	1.5	753.5	4.5	0	0	NA	NA	NA	NA
552	0	0	3	1	258.5	2.5	3	1.5	760	4.5	0	0	NA	NA	NA	NA
553	0	0	3	1.5	260	2.5	3	1.5	760.5	4.5	0	0	NA	NA	NA	NA
554	0	0	3.5	1.5	260	2.5	4	1.5	764.5	4	0	0	NA	NA	NA	NA
555	0	0	3.5	1.5	261.5	2.5	4	1.5	790	4	0	0	NA	NA	NA	NA
556	0	0	3.5	1.5	264	2.5	4	1.5	792.5	3.5	0	0	NA	NA	NA	NA
557	0	0	3.5	1	264	2.5	4	1.5	794	4	0	0	NA	NA	NA	NA
558	0	0	3.5	1	264	2.5	4.5	1	804	5	0	0	NA	NA	NA	NA
559	0	0	3.5	1	264.5	2.5	6.5	1	804.5	5	0	0	NA	NA	NA	NA
560	0	0	3.5	1	263.5	2.5	6.5	1	805.5	5	0	0	NA	NA	NA	NA
561	0	0	3.5	1	263.5	2.5	6.5	1	828.5	5	0	0	NA	NA	NA	NA
562	0	0	3.5	1	263.5	2.5	6.5	1	829.5	5	0	0	NA	NA	NA	NA
563	0	0	3.5	1	264	2.5	6.5	1	831.5	5	0	0	NA	NA	NA	NA
564	0	0	3.5	1	263.5	2.5	6.5	2.5	846	5	0	0	NA	NA	NA	NA
565	0	0	4	1	264	2.5	7	2.5	848.5	5	0	0	NA	NA	NA	NA
566	0	0	4.5	1	263.5	2.5	7	2.5	849.5	5	0	0	NA	NA	NA	NA
567	0	0	6.5	1	263.5	2.5	9	2.5	880	5	0	0	NA	NA	NA	NA
568	0	0	7	1	263.5	2.5	15.5	2.5	957.5	5	0	0	NA	NA	NA	NA
569	0	0	7.5	1	263.5	2.5	16	2.5	962	5	0	NA	NA	NA	NA	NA
570	0	0	8	1	263.5	2.5	16	2.5	1026.5	5	0	NA	NA	NA	NA	NA
571	0	0	8	1	263.5	7.5	15.5	2.5	1029.5	5	0	NA	NA	NA	NA	NA
572	0	0	8	1	263.5	7.5	32	3.5	1023	5	0	NA	NA	NA	NA	NA
573	0	0	9	1	263.5	8	38	3.5	1021.5	5	0	NA	NA	NA	NA	NA
574	0	0	9	4	263.5	8	38	3.5	1023.5	5	0	NA	NA	NA	NA	NA
575	0	0	9	4	263.5	8	41	9	1084	5	0	NA	NA	NA	NA	NA
576	0	0	9	5	263.5	8	42	9	1267	5	0	NA	NA	NA	NA	NA
577	0	0	9.5	5	263.5	8	47	14	1308	5	0	NA	NA	NA	NA	NA
578	0	0	9.5	6	262.5	8	54	16.5	1340.5	5	0	NA	NA	NA	NA	NA
579	0	0	9.5	9	262.5	8	56.5	17	1910.5	5	0	NA	NA	NA	NA	NA
580	0	0	9.5	9	262.5	8	59	19	1937.5	5	0	NA	NA	NA	NA	NA
581	0	0	9.5	10	262.5	8	60.5	21	2769	5	0	NA	NA	NA	NA	NA
582	0	0	9.5	10.5	262.5	8	64.5	27	2792.5	5	0	NA	NA	NA	NA	NA
583	0	0	9.5	10.5	262.5	8	64.5	30.5	3077	5	0	NA	NA	NA	NA	NA
584	0	0	9.5	10.5	262.5	8	65	30.5	3108.5	5	0	NA	NA	NA	NA	NA
585	0	0	9.5	10.5	262.5	7.5	67.5	90.5	3188	5	0	NA	NA	NA	NA	NA
586	0	0	9.5	10.5	262.5	7.5	69.5	96	3198.5	5	0	NA	NA	NA	NA	NA
587	0	0	9.5	11	262.5	7.5	70.5	98	3232.5	5	0	NA	NA	NA	NA	NA
588	0	0	9.5	11	262.5	7.5	72	99.5	3243.5	5	0	NA	NA	NA	NA	NA
589	0	0	9	12.5	262.5	7.5	73.5	100.5	3278	4	0	NA	NA	NA	NA	NA
590	0	0	9	16	262	7.5	75.5	109.5	3573	4	0	NA	NA	NA	NA	NA
591	0	0	9	16	262.5	7.5	76	113.5	3581.5	4	0.5	NA	NA	NA	NA	NA
592	0	0	9	16	262.5	7	76.5	126.5	3588	4	0.5	NA	NA	NA	NA	NA
593	0	0	9.5	16	262.5	7	76.5	133.5	3595.5	4	0.5	NA	NA	NA	NA	NA
594	0	0	9.5	33	262.5	7	76.5	142.5	3596	4	0.5	NA	NA	NA	NA	NA
595	0	0	10	39.5	262.5	7	77.5	153	3598.5	3.5	0.5	NA	NA	NA	NA	NA
596	0	0.5	10	41.5	262	7	78	162.5	3613.5	3.5	0.5	NA	NA	NA	NA	NA
597	0	0.5	10	41.5	262	7.5	78	164	3617.5	3.5	0.5	NA	NA	NA	NA	NA
598	0	0.5	10	41.5	262	7.5	81	167	3628	3.5	0.5	NA	NA	NA	NA	NA
599	0	0.5	10	41.5	246.5	7.5	81.5	168	3713	3.5	0.5	NA	NA	NA	NA	NA
600	0	0.5	10	45	246.5	7.5	81.5	174.5	3713	3.5	0.5	NA	NA	NA	NA	NA
601	0	1	10	51	244	7.5	92.5	176.5	3714.5	3.5	0.5	NA	NA	NA	NA	NA
602	0	1	10	52.5	244	7	93	189	3715	3.5	0.5	NA	NA	NA	NA	NA
603	0	1	10	52.5	243.5	7	102.5	189.5	3714.5	3.5	0.5	NA	NA	NA	NA	NA
604	0.5	1	10	53	243	7	105.5	194	3717	3.5	0.5	NA	NA	NA	NA	NA
605	0.5	1	10	57.5	243	7	108.5	197	3719.5	3	0.5	NA	NA	NA	NA	NA
606	0.5	1.5	10	58	243	7	110.5	198	3719.5	1.5	0.5	NA	NA	NA	NA	NA
607	0.5	1.5	11	58	242.5	7	110.5	205.5	3719	1.5	0.5	NA	NA	NA	NA	NA
608	0.5	1.5	10.5	58	240	7	111.5	211.5	3720	1.5	0.5	NA	NA	NA	NA	NA
609	0.5	1.5	10	58.5	236	7	111.5	214.5	3721	1.5	0.5	NA	NA	NA	NA	NA
610	0.5	1.5	10	58.5	235.5	8	111.5	214.5	3721.5	1.5	0.5	NA	NA	NA	NA	NA
611	0.5	1.5	9.5	58.5	234	8	112	214.5	3721.5	1.5	0.5	NA	NA	NA	NA	NA
612	0.5	1.5	9.5	58.5	220.5	10.5	112.5	214.5	3721.5	1.5	0.5	NA	NA	NA	NA	NA
613	0.5	1.5	9.5	59	219	11	113	214.5	3721	1.5	0.5	NA	NA	NA	NA	NA
614	0.5	1.5	9.5	59	216.5	11	114.5	214.5	3720	1.5	0.5	NA	NA	NA	NA	NA
615	0.5	1.5	10	59.5	215	11	114.5	214.5	3718.5	1.5	0.5	NA	NA	NA	NA	NA
616	0.5	1.5	10	59.5	192.5	12	121.5	214.5	3717.5	1.5	0.5	NA	NA	NA	NA	NA
617	0.5	1.5	9.5	60.5	132.5	13	277.5	214.5	3711	1.5	NA	NA	NA	NA	NA	NA
618	0.5	1.5	9	60.5	127	13	283	215	3643	1.5	NA	NA	NA	NA	NA	NA
619	0.5	1.5	9.5	60.5	68.5	13	333.5	215.5	3278.5	1.5	NA	NA	NA	NA	NA	NA
620	0.5	1.5	9.5	62	62	13	340.5	215.5	3256	1.5	NA	NA	NA	NA	NA	NA
621	0.5	1.5	9.5	62	62	13	345.5	215.5	3110.5	1.5	NA	NA	NA	NA	NA	NA
622	0.5	1.5	9.5	62	61	13	352	215.5	3090	1.5	NA	NA	NA	NA	NA	NA
623	0.5	1.5	9.5	62	57	13.5	380.5	215.5	3010.5	1.5	NA	NA	NA	NA	NA	NA
624	0.5	1.5	9.5	62	8	13.5	383.5	215.5	3009.5	1.5	NA	NA	NA	NA	NA	NA
625	0.5	1.5	10	62.5	7	13.5	387	215.5	3009	1.5	NA	NA	NA	NA	NA	NA
626	0.5	1.5	10.5	62	4	13.5	388	216	3008	1.5	NA	NA	NA	NA	NA	NA
627	0.5	1.5	10.5	62	4.5	14	389.5	216	3003	1.5	NA	NA	NA	NA	NA	NA
628	0.5	1.5	11	62	4.5	14	390	216	2996.5	1.5	NA	NA	NA	NA	NA	NA
629	0.5	1.5	11	61.5	5	14	391.5	217	2996.5	1.5	NA	NA	NA	NA	NA	NA
630	0.5	1.5	11	61.5	5	14	392	217.5	2994	1.5	NA	NA	NA	NA	NA	NA
631	0.5	2	11.5	61.5	4	14	393.5	217.5	2968	1.5	NA	NA	NA	NA	NA	NA
632	0.5	2	11.5	61.5	2.5	14	394	218	2966	1.5	NA	NA	NA	NA	NA	NA
633	0.5	2	12	62.5	2.5	14	394	218	2965.5	1	NA	NA	NA	NA	NA	NA
634	0.5	2	12	62.5	2.5	14	396.5	218	2958.5	0	NA	NA	NA	NA	NA	NA
635	0.5	2	12	76.5	2.5	14	424	218	2958.5	NA	NA	NA	NA	NA	NA	NA
636	0.5	2	12	77	2.5	14	426	218.5	2955	NA	NA	NA	NA	NA	NA	NA
637	0.5	2	12	77	2.5	14	426.5	218.5	2929.5	NA	NA	NA	NA	NA	NA	NA
638	0.5	2	12	77.5	3	14	426.5	218.5	2929.5	NA	NA	NA	NA	NA	NA	NA
639	0.5	2	12.5	79.5	4	14	426.5	218.5	2927.5	NA	NA	NA	NA	NA	NA	NA
640	0.5	2	12.5	79.5	4	14	427	217	2913	NA	NA	NA	NA	NA	NA	NA
641	0.5	2	12	89.5	4	14	427	217	2911.5	NA	NA	NA	NA	NA	NA	NA
642	0.5	2	11.5	121	4.5	14	427	217	2909.5	NA	NA	NA	NA	NA	NA	NA
643	0.5	2	7.5	129.5	5	14	425	217	2875.5	NA	NA	NA	NA	NA	NA	NA
644	0.5	2	7.5	141	5	14	417.5	216.5	2796.5	NA	NA	NA	NA	NA	NA	NA
645	0.5	2	8	143	5	14	418.5	216.5	2794	NA	NA	NA	NA	NA	NA	NA
646	0.5	2	7	143.5	6	14	418.5	216.5	2729.5	NA	NA	NA	NA	NA	NA	NA
647	0.5	2	7	143.5	6	8.5	419	215.5	2728.5	NA	NA	NA	NA	NA	NA	NA
648	0.5	2	7	144	16.5	8.5	399	214	2727.5	NA	NA	NA	NA	NA	NA	NA
649	0.5	2	7	144	19.5	8.5	401.5	214	2725	NA	NA	NA	NA	NA	NA	NA
650	0.5	2	7.5	140	21	8.5	402	214	2721.5	NA	NA	NA	NA	NA	NA	NA
651	0.5	2	7.5	140	21	8.5	398	207	2652.5	NA	NA	NA	NA	NA	NA	NA
652	1	2	7.5	141	21	8.5	397	206	2435.5	NA	NA	NA	NA	NA	NA	NA
653	1	2	7.5	141	21	8.5	390.5	199	2420	NA	NA	NA	NA	NA	NA	NA
654	1	2	7.5	141.5	21	8.5	382	196.5	2377	NA	NA	NA	NA	NA	NA	NA
655	1	2.5	7.5	140	21	8.5	382.5	195.5	1794	NA	NA	NA	NA	NA	NA	NA
656	2	2.5	7.5	140	21	8.5	383	194	1750.5	NA	NA	NA	NA	NA	NA	NA
657	2	2.5	8.5	140	21	8.5	384	190.5	939.5	NA	NA	NA	NA	NA	NA	NA
658	2	2.5	8.5	140.5	21	8.5	382	178	871.5	NA	NA	NA	NA	NA	NA	NA
659	2	2.5	8.5	141	21	8.5	383	172	NA	NA	NA	NA	NA	NA	NA	NA
660	2	2.5	8.5	142	21	8.5	383	155.5	NA	NA	NA	NA	NA	NA	NA	NA
661	2	2.5	8.5	142.5	21	8.5	381	37	NA	NA	NA	NA	NA	NA	NA	NA
662	2	2.5	8.5	142.5	21	8.5	380.5	35.5	NA	NA	NA	NA	NA	NA	NA	NA
663	2	2.5	8.5	142	21	8.5	380	33	NA	NA	NA	NA	NA	NA	NA	NA
664	2	2.5	8.5	141.5	21	8.5	376.5	NA	NA	NA	NA	NA	NA	NA	NA	NA
665	2	2	8.5	140	21	8.5	376	NA	NA	NA	NA	NA	NA	NA	NA	NA
666	2	2	8.5	136	21	8.5	376.5	NA	NA	NA	NA	NA	NA	NA	NA	NA
667	2	2	8.5	136.5	21	8.5	376.5	NA	NA	NA	NA	NA	NA	NA	NA	NA
668	2	2	8.5	137	21	8.5	376	NA	NA	NA	NA	NA	NA	NA	NA	NA
669	2	2	8.5	150.5	21	8.5	376	NA	NA	NA	NA	NA	NA	NA	NA	NA
670	2	2.5	8.5	138	21.5	8.5	376	NA	NA	NA	NA	NA	NA	NA	NA	NA
671	2	2.5	8	139	22.5	8.5	375	NA	NA	NA	NA	NA	NA	NA	NA	NA
672	2	2.5	8	201.5	22.5	8	374.5	NA	NA	NA	NA	NA	NA	NA	NA	NA
673	2	2.5	8	202.5	22.5	8	374.5	NA	NA	NA	NA	NA	NA	NA	NA	NA
674	10.5	2.5	8	208.5	22.5	8	371.5	NA	NA	NA	NA	NA	NA	NA	NA	NA
675	11	2.5	8	213.5	22.5	8	371	NA	NA	NA	NA	NA	NA	NA	NA	NA
676	12	2.5	8	212.5	22.5	8	369.5	NA	NA	NA	NA	NA	NA	NA	NA	NA
677	12.5	2	8	205	22.5	8	359	NA	NA	NA	NA	NA	NA	NA	NA	NA
678	17.5	2	8	206.5	22.5	8	359	NA	NA	NA	NA	NA	NA	NA	NA	NA
679	22.5	1.5	8	207	22.5	8	348.5	NA	NA	NA	NA	NA	NA	NA	NA	NA
680	31	1.5	8	208.5	22.5	8	343	NA	NA	NA	NA	NA	NA	NA	NA	NA
681	40.5	1.5	8.5	205.5	22.5	8	342.5	NA	NA	NA	NA	NA	NA	NA	NA	NA
682	42.5	1.5	8.5	207	22.5	8	342	NA	NA	NA	NA	NA	NA	NA	NA	NA
683	43.5	1.5	7.5	208.5	22.5	8	342	NA	NA	NA	NA	NA	NA	NA	NA	NA
684	45.5	1.5	8	209	22.5	8	342	NA	NA	NA	NA	NA	NA	NA	NA	NA
685	45.5	1.5	8	210	22.5	8	341	NA	NA	NA	NA	NA	NA	NA	NA	NA
686	46	1.5	8	211	22.5	6.5	342	NA	NA	NA	NA	NA	NA	NA	NA	NA
687	47	1.5	8	211	22.5	6.5	341.5	NA	NA	NA	NA	NA	NA	NA	NA	NA
688	47	1.5	8	211	22.5	3	340.5	NA	NA	NA	NA	NA	NA	NA	NA	NA
689	47	1.5	8	211	22.5	2.5	340	NA	NA	NA	NA	NA	NA	NA	NA	NA
690	47.5	1.5	9	212	22.5	2	339.5	NA	NA	NA	NA	NA	NA	NA	NA	NA
691	48	1.5	9.5	212	22	2	337.5	NA	NA	NA	NA	NA	NA	NA	NA	NA
692	50	1.5	9.5	212	22	0.5	327	NA	NA	NA	NA	NA	NA	NA	NA	NA
693	51	1.5	10	211	22	0.5	162.5	NA	NA	NA	NA	NA	NA	NA	NA	NA
694	51	1.5	11	212	22	0.5	155	NA	NA	NA	NA	NA	NA	NA	NA	NA
695	51.5	1.5	10.5	213	22	0.5	107	NA	NA	NA	NA	NA	NA	NA	NA	NA
696	51.5	1.5	11	211.5	21.5	0.5	105.5	NA	NA	NA	NA	NA	NA	NA	NA	NA
697	51.5	2.5	12	211.5	21.5	0.5	98	NA	NA	NA	NA	NA	NA	NA	NA	NA
698	51.5	2.5	12.5	211	21.5	0.5	90	NA	NA	NA	NA	NA	NA	NA	NA	NA
699	52	2.5	12.5	211	21.5	0.5	63	NA	NA	NA	NA	NA	NA	NA	NA	NA
700	52	2.5	12.5	211	21.5	0.5	61	NA	NA	NA	NA	NA	NA	NA	NA	NA
701	52	2.5	12	210.5	21.5	0.5	59	NA	NA	NA	NA	NA	NA	NA	NA	NA
702	52	3	11.5	211	21.5	0.5	59	NA	NA	NA	NA	NA	NA	NA	NA	NA
703	52	3	11.5	211	21	0	59	NA	NA	NA	NA	NA	NA	NA	NA	NA
704	52	3	11	211.5	21	0	58.5	NA	NA	NA	NA	NA	NA	NA	NA	NA
705	52	3	11	211.5	20	0	57.5	NA	NA	NA	NA	NA	NA	NA	NA	NA
706	52	3	10.5	211.5	20	0	57.5	NA	NA	NA	NA	NA	NA	NA	NA	NA
707	52	2.5	10.5	213.5	20	0	57.5	NA	NA	NA	NA	NA	NA	NA	NA	NA
708	52	2.5	10.5	213.5	20	0	57.5	NA	NA	NA	NA	NA	NA	NA	NA	NA
709	52	2.5	10.5	213	20	0	57	NA	NA	NA	NA	NA	NA	NA	NA	NA
710	52	2.5	11	212	20	0	51.5	NA	NA	NA	NA	NA	NA	NA	NA	NA
711	52	2.5	11	198	20	0	22.5	NA	NA	NA	NA	NA	NA	NA	NA	NA
712	52	2.5	11	198	19.5	0	22.5	NA	NA	NA	NA	NA	NA	NA	NA	NA
713	52	2.5	11	197.5	19	0	21	NA	NA	NA	NA	NA	NA	NA	NA	NA
714	52	2.5	11	197	19	0	21	NA	NA	NA	NA	NA	NA	NA	NA	NA
715	52	2.5	11	195	18.5	0	21	NA	NA	NA	NA	NA	NA	NA	NA	NA
716	52	2.5	11.5	194.5	18.5	0	21	NA	NA	NA	NA	NA	NA	NA	NA	NA
717	52	2.5	11.5	185	18.5	0	NA	NA	NA	NA	NA	NA	NA	NA	NA	NA
718	52	2.5	12	150	18	0	NA	NA	NA	NA	NA	NA	NA	NA	NA	NA
719	52	2.5	12.5	141	17.5	0	NA	NA	NA	NA	NA	NA	NA	NA	NA	NA
720	52	2.5	12.5	129	15.5	0	NA	NA	NA	NA	NA	NA	NA	NA	NA	NA
721	52	2.5	12	129	15.5	0	NA	NA	NA	NA	NA	NA	NA	NA	NA	NA
722	52	2.5	12	129	15.5	0	NA	NA	NA	NA	NA	NA	NA	NA	NA	NA
723	52	2.5	12.5	129	15	0	NA	NA	NA	NA	NA	NA	NA	NA	NA	NA
724	52	2.5	13	128.5	3.5	0	NA	NA	NA	NA	NA	NA	NA	NA	NA	NA
725	52	2.5	13	129	3	0	NA	NA	NA	NA	NA	NA	NA	NA	NA	NA
726	52	2.5	12.5	129	1.5	0	NA	NA	NA	NA	NA	NA	NA	NA	NA	NA
727	52	2.5	12	129	1.5	0.5	NA	NA	NA	NA	NA	NA	NA	NA	NA	NA
728	51.5	2.5	12	129	1.5	0.5	NA	NA	NA	NA	NA	NA	NA	NA	NA	NA
729	51.5	2.5	12	129	1.5	0.5	NA	NA	NA	NA	NA	NA	NA	NA	NA	NA
730	51.5	2.5	12	126.5	1.5	0.5	NA	NA	NA	NA	NA	NA	NA	NA	NA	NA
731	51.5	2	11.5	125.5	1.5	0.5	NA	NA	NA	NA	NA	NA	NA	NA	NA	NA
732	50.5	2	11.5	125.5	1.5	0.5	NA	NA	NA	NA	NA	NA	NA	NA	NA	NA
733	50.5	2	11.5	125	1.5	0.5	NA	NA	NA	NA	NA	NA	NA	NA	NA	NA
734	50.5	2	12	125	1.5	0.5	NA	NA	NA	NA	NA	NA	NA	NA	NA	NA
735	50.5	2	12.5	125	1.5	0.5	NA	NA	NA	NA	NA	NA	NA	NA	NA	NA
736	50.5	2	12.5	124.5	1.5	0.5	NA	NA	NA	NA	NA	NA	NA	NA	NA	NA
737	50.5	2	12.5	124	1.5	0.5	NA	NA	NA	NA	NA	NA	NA	NA	NA	NA
738	50.5	2	12.5	124	1.5	0.5	NA	NA	NA	NA	NA	NA	NA	NA	NA	NA
739	50.5	2	12.5	124	1.5	0.5	NA	NA	NA	NA	NA	NA	NA	NA	NA	NA
740	50.5	2	13	124	1.5	0.5	NA	NA	NA	NA	NA	NA	NA	NA	NA	NA
741	50.5	2	13	124	1.5	0.5	NA	NA	NA	NA	NA	NA	NA	NA	NA	NA
742	50.5	2	13	124	1.5	0.5	NA	NA	NA	NA	NA	NA	NA	NA	NA	NA
743	50.5	2	13	124	1.5	0.5	NA	NA	NA	NA	NA	NA	NA	NA	NA	NA
744	50.5	2	12.5	122.5	1.5	0.5	NA	NA	NA	NA	NA	NA	NA	NA	NA	NA
745	50.5	2	12.5	94.5	1.5	0.5	NA	NA	NA	NA	NA	NA	NA	NA	NA	NA
746	50.5	1.5	12.5	94	1.5	0.5	NA	NA	NA	NA	NA	NA	NA	NA	NA	NA
747	50.5	1.5	12.5	91	0	0.5	NA	NA	NA	NA	NA	NA	NA	NA	NA	NA
748	50.5	1.5	12.5	17	0	0.5	NA	NA	NA	NA	NA	NA	NA	NA	NA	NA
749	50.5	1.5	12.5	13	0	0.5	NA	NA	NA	NA	NA	NA	NA	NA	NA	NA
750	41	1.5	12.5	10	0	0.5	NA	NA	NA	NA	NA	NA	NA	NA	NA	NA
751	40.5	1.5	12.5	6	0	0.5	NA	NA	NA	NA	NA	NA	NA	NA	NA	NA
752	39	1.5	12.5	6	0	0.5	NA	NA	NA	NA	NA	NA	NA	NA	NA	NA
753	38	1.5	12.5	8.5	0	0.5	NA	NA	NA	NA	NA	NA	NA	NA	NA	NA
754	33.5	1.5	12.5	9	0	0.5	NA	NA	NA	NA	NA	NA	NA	NA	NA	NA
755	29	1.5	12.5	9	0	0.5	NA	NA	NA	NA	NA	NA	NA	NA	NA	NA
756	15	1.5	12.5	9	0	0.5	NA	NA	NA	NA	NA	NA	NA	NA	NA	NA
757	5.5	1.5	12	8.5	0	0.5	NA	NA	NA	NA	NA	NA	NA	NA	NA	NA
758	4.5	1.5	12	8	0	0.5	NA	NA	NA	NA	NA	NA	NA	NA	NA	NA
759	3.5	1.5	11.5	8.5	0	0.5	NA	NA	NA	NA	NA	NA	NA	NA	NA	NA
760	3.5	1.5	11	8.5	0	0.5	NA	NA	NA	NA	NA	NA	NA	NA	NA	NA
761	3.5	1.5	11.5	8.5	0	0.5	NA	NA	NA	NA	NA	NA	NA	NA	NA	NA
762	3	1.5	11.5	9.5	0	0.5	NA	NA	NA	NA	NA	NA	NA	NA	NA	NA
763	2.5	1.5	11.5	10	0	0.5	NA	NA	NA	NA	NA	NA	NA	NA	NA	NA
764	2.5	1.5	11.5	10.5	0	0.5	NA	NA	NA	NA	NA	NA	NA	NA	NA	NA
765	2.5	1.5	11.5	11	0	0.5	NA	NA	NA	NA	NA	NA	NA	NA	NA	NA
766	2.5	1.5	10	11.5	0	0.5	NA	NA	NA	NA	NA	NA	NA	NA	NA	NA
767	2.5	1.5	10	11.5	0	0.5	NA	NA	NA	NA	NA	NA	NA	NA	NA	NA
768	1	1.5	9	12.5	0	0.5	NA	NA	NA	NA	NA	NA	NA	NA	NA	NA
769	0	1.5	8.5	13.5	0	0.5	NA	NA	NA	NA	NA	NA	NA	NA	NA	NA
770	0	1.5	8.5	13.5	0	0.5	NA	NA	NA	NA	NA	NA	NA	NA	NA	NA
771	0	1.5	11	13.5	0	0.5	NA	NA	NA	NA	NA	NA	NA	NA	NA	NA
772	0	1.5	10.5	14	0	0.5	NA	NA	NA	NA	NA	NA	NA	NA	NA	NA
773	0	0.5	9.5	14	0	0.5	NA	NA	NA	NA	NA	NA	NA	NA	NA	NA
774	0	0.5	9.5	14	0	0.5	NA	NA	NA	NA	NA	NA	NA	NA	NA	NA
775	0	0	9.5	14	0	0.5	NA	NA	NA	NA	NA	NA	NA	NA	NA	NA
776	0	0	9.5	16.5	0	0.5	NA	NA	NA	NA	NA	NA	NA	NA	NA	NA
777	0	0	9.5	16.5	0	0.5	NA	NA	NA	NA	NA	NA	NA	NA	NA	NA
778	0	0	9.5	16	0	0.5	NA	NA	NA	NA	NA	NA	NA	NA	NA	NA
779	0	0	9.5	16	0	0.5	NA	NA	NA	NA	NA	NA	NA	NA	NA	NA
780	0	0	9.5	16.5	0	0.5	NA	NA	NA	NA	NA	NA	NA	NA	NA	NA
781	0	0	9.5	17	0	0.5	NA	NA	NA	NA	NA	NA	NA	NA	NA	NA
782	0	0	9.5	19.5	0	0.5	NA	NA	NA	NA	NA	NA	NA	NA	NA	NA
783	0	0	9	17.5	0	0.5	NA	NA	NA	NA	NA	NA	NA	NA	NA	NA
784	0	0	9	18.5	0	0.5	NA	NA	NA	NA	NA	NA	NA	NA	NA	NA
785	0	0	8.5	18.5	0	0.5	NA	NA	NA	NA	NA	NA	NA	NA	NA	NA
786	0	0	8.5	19	0	0.5	NA	NA	NA	NA	NA	NA	NA	NA	NA	NA
787	0	0	8.5	19	0	0.5	NA	NA	NA	NA	NA	NA	NA	NA	NA	NA
788	0	0	8.5	20	0	0.5	NA	NA	NA	NA	NA	NA	NA	NA	NA	NA
789	0	0	8.5	21	0	0.5	NA	NA	NA	NA	NA	NA	NA	NA	NA	NA
790	0	0	9.5	21.5	0	1	NA	NA	NA	NA	NA	NA	NA	NA	NA	NA
791	0	0	10	22.5	0	1	NA	NA	NA	NA	NA	NA	NA	NA	NA	NA
792	0	0	9.5	23	0	0.5	NA	NA	NA	NA	NA	NA	NA	NA	NA	NA
793	0	0	9.5	23	0	0.5	NA	NA	NA	NA	NA	NA	NA	NA	NA	NA
794	0	0	9	23.5	0	0.5	NA	NA	NA	NA	NA	NA	NA	NA	NA	NA
795	0	0	9	24.5	0	0.5	NA	NA	NA	NA	NA	NA	NA	NA	NA	NA
796	0	0	9	24.5	0	0.5	NA	NA	NA	NA	NA	NA	NA	NA	NA	NA
797	0	0	9	25.5	0	0.5	NA	NA	NA	NA	NA	NA	NA	NA	NA	NA
798	0	0	8.5	25.5	0	2.5	NA	NA	NA	NA	NA	NA	NA	NA	NA	NA
799	0	0	8	26.5	0	2.5	NA	NA	NA	NA	NA	NA	NA	NA	NA	NA
800	0	0	7.5	27	0	2.5	NA	NA	NA	NA	NA	NA	NA	NA	NA	NA
801	0	0	7.5	27.5	0	9	NA	NA	NA	NA	NA	NA	NA	NA	NA	NA
802	0	0	7.5	27.5	0	9	NA	NA	NA	NA	NA	NA	NA	NA	NA	NA
803	0	0	7.5	27.5	0	10.5	NA	NA	NA	NA	NA	NA	NA	NA	NA	NA
804	0	0	7.5	28.5	0	10.5	NA	NA	NA	NA	NA	NA	NA	NA	NA	NA
805	0	0	7.5	88.5	0	11.5	NA	NA	NA	NA	NA	NA	NA	NA	NA	NA
806	0	0	7.5	90.5	0	13.5	NA	NA	NA	NA	NA	NA	NA	NA	NA	NA
807	0	0	8	119.5	0	13.5	NA	NA	NA	NA	NA	NA	NA	NA	NA	NA
808	0	0	8	179.5	0	13.5	NA	NA	NA	NA	NA	NA	NA	NA	NA	NA
809	0	0	7.5	189.5	0	14	NA	NA	NA	NA	NA	NA	NA	NA	NA	NA
810	0	0	7	194.5	0	14	NA	NA	NA	NA	NA	NA	NA	NA	NA	NA
811	0	0	7	198	0	15	NA	NA	NA	NA	NA	NA	NA	NA	NA	NA
812	0	0	7	201.5	0	17.5	NA	NA	NA	NA	NA	NA	NA	NA	NA	NA
813	0	0	7	201.5	0	18.5	NA	NA	NA	NA	NA	NA	NA	NA	NA	NA
814	0	0	7	202.5	0	18.5	NA	NA	NA	NA	NA	NA	NA	NA	NA	NA
815	0	0	7	204.5	0	18.5	NA	NA	NA	NA	NA	NA	NA	NA	NA	NA
816	0	0	7	209	0	18.5	NA	NA	NA	NA	NA	NA	NA	NA	NA	NA
817	0	0	7	211.5	0	18.5	NA	NA	NA	NA	NA	NA	NA	NA	NA	NA
818	0	0	7	211.5	0	18.5	NA	NA	NA	NA	NA	NA	NA	NA	NA	NA
819	0	0	7	212.5	0	18.5	NA	NA	NA	NA	NA	NA	NA	NA	NA	NA
820	0	0	7	218	0	18.5	NA	NA	NA	NA	NA	NA	NA	NA	NA	NA
821	0	0	7.5	218.5	0	18.5	NA	NA	NA	NA	NA	NA	NA	NA	NA	NA
822	0	0	7.5	221.5	0	18.5	NA	NA	NA	NA	NA	NA	NA	NA	NA	NA
823	0	0	7.5	221.5	0	18.5	NA	NA	NA	NA	NA	NA	NA	NA	NA	NA
824	0	0	7.5	221.5	0	18.5	NA	NA	NA	NA	NA	NA	NA	NA	NA	NA
825	0	0	7.5	221.5	0	18.5	NA	NA	NA	NA	NA	NA	NA	NA	NA	NA
826	0	0	7.5	222	0	18.5	NA	NA	NA	NA	NA	NA	NA	NA	NA	NA
827	0	0	7.5	222	0	18.5	NA	NA	NA	NA	NA	NA	NA	NA	NA	NA
828	0	0	7.5	222	0	18.5	NA	NA	NA	NA	NA	NA	NA	NA	NA	NA
829	0	0	7.5	215	0	19	NA	NA	NA	NA	NA	NA	NA	NA	NA	NA
830	0	0	8	215	0	19	NA	NA	NA	NA	NA	NA	NA	NA	NA	NA
831	0	0	8	215	0	19	NA	NA	NA	NA	NA	NA	NA	NA	NA	NA
832	0	0	8	216	0	19	NA	NA	NA	NA	NA	NA	NA	NA	NA	NA
833	0	0	9.5	214	0	19	NA	NA	NA	NA	NA	NA	NA	NA	NA	NA
834	1	0	9.5	214	0	19	NA	NA	NA	NA	NA	NA	NA	NA	NA	NA
835	1	0	10	214.5	0	19	NA	NA	NA	NA	NA	NA	NA	NA	NA	NA
836	1	0	10	214	0	19	NA	NA	NA	NA	NA	NA	NA	NA	NA	NA
837	1	0	9.5	214	0	19	NA	NA	NA	NA	NA	NA	NA	NA	NA	NA
838	1	0	9.5	214	0	19	NA	NA	NA	NA	NA	NA	NA	NA	NA	NA
839	1	0	9.5	214	0	19	NA	NA	NA	NA	NA	NA	NA	NA	NA	NA
840	1.5	0	9.5	214	0	19	NA	NA	NA	NA	NA	NA	NA	NA	NA	NA
841	1.5	0	9.5	214	0	19	NA	NA	NA	NA	NA	NA	NA	NA	NA	NA
842	2	0	9.5	214	0	19	NA	NA	NA	NA	NA	NA	NA	NA	NA	NA
843	2	0	9.5	214	0	19	NA	NA	NA	NA	NA	NA	NA	NA	NA	NA
844	4.5	0	9.5	214	0	19	NA	NA	NA	NA	NA	NA	NA	NA	NA	NA
845	6	0	8.5	213	0	19	NA	NA	NA	NA	NA	NA	NA	NA	NA	NA
846	6.5	0	8.5	213.5	0	19	NA	NA	NA	NA	NA	NA	NA	NA	NA	NA
847	6.5	0	6	214	0	19.5	NA	NA	NA	NA	NA	NA	NA	NA	NA	NA
848	6.5	0	6	214	0	19.5	NA	NA	NA	NA	NA	NA	NA	NA	NA	NA
849	6.5	0	6	214	0	19.5	NA	NA	NA	NA	NA	NA	NA	NA	NA	NA
850	6.5	0	6	214	0	19.5	NA	NA	NA	NA	NA	NA	NA	NA	NA	NA
851	6.5	0	6	215	0	19.5	NA	NA	NA	NA	NA	NA	NA	NA	NA	NA
852	6.5	0	6	211.5	0	19.5	NA	NA	NA	NA	NA	NA	NA	NA	NA	NA
853	6.5	0	6	210.5	0	19.5	NA	NA	NA	NA	NA	NA	NA	NA	NA	NA
854	6.5	0	6	210.5	0	19.5	NA	NA	NA	NA	NA	NA	NA	NA	NA	NA
855	7.5	0	7	209	0	19.5	NA	NA	NA	NA	NA	NA	NA	NA	NA	NA
856	8	0	6.5	209.5	0	19.5	NA	NA	NA	NA	NA	NA	NA	NA	NA	NA
857	8	0	6.5	209.5	0	19.5	NA	NA	NA	NA	NA	NA	NA	NA	NA	NA
858	8.5	0	6.5	207	0	19.5	NA	NA	NA	NA	NA	NA	NA	NA	NA	NA
859	9	0	6	207	0	19.5	NA	NA	NA	NA	NA	NA	NA	NA	NA	NA
860	9	0	6	204.5	0	19.5	NA	NA	NA	NA	NA	NA	NA	NA	NA	NA
861	9	0	6	204	0	20	NA	NA	NA	NA	NA	NA	NA	NA	NA	NA
862	12	0	6.5	204	0	20	NA	NA	NA	NA	NA	NA	NA	NA	NA	NA
863	12	0	6.5	204	0	20.5	NA	NA	NA	NA	NA	NA	NA	NA	NA	NA
864	13	0	8.5	199.5	0	20.5	NA	NA	NA	NA	NA	NA	NA	NA	NA	NA
865	13	0	9.5	199.5	0	20.5	NA	NA	NA	NA	NA	NA	NA	NA	NA	NA
866	13	0	8.5	199.5	0	19	NA	NA	NA	NA	NA	NA	NA	NA	NA	NA
867	14	0	8.5	199.5	0	19	NA	NA	NA	NA	NA	NA	NA	NA	NA	NA
868	15	0	8.5	199.5	0	19	NA	NA	NA	NA	NA	NA	NA	NA	NA	NA
869	16.5	0	8.5	199.5	0	19	NA	NA	NA	NA	NA	NA	NA	NA	NA	NA
870	16.5	0	10.5	199.5	0	19	NA	NA	NA	NA	NA	NA	NA	NA	NA	NA
871	16.5	0	11	199.5	0	19	NA	NA	NA	NA	NA	NA	NA	NA	NA	NA
872	17.5	0	11	199.5	0	19	NA	NA	NA	NA	NA	NA	NA	NA	NA	NA
873	19	0	11	199.5	0	19	NA	NA	NA	NA	NA	NA	NA	NA	NA	NA
874	65.5	0	11	199.5	0	17.5	NA	NA	NA	NA	NA	NA	NA	NA	NA	NA
875	67	0	11	199	0	17.5	NA	NA	NA	NA	NA	NA	NA	NA	NA	NA
876	68.5	0	11	198.5	0	17	NA	NA	NA	NA	NA	NA	NA	NA	NA	NA
877	70.5	0	11	198.5	NA	4	NA	NA	NA	NA	NA	NA	NA	NA	NA	NA
878	70.5	0	12.5	198.5	NA	4	NA	NA	NA	NA	NA	NA	NA	NA	NA	NA
879	70.5	0	14.5	198.5	NA	4	NA	NA	NA	NA	NA	NA	NA	NA	NA	NA
880	70.5	0	16	191	NA	NA	NA	NA	NA	NA	NA	NA	NA	NA	NA	NA
881	70.5	0	19	128.5	NA	NA	NA	NA	NA	NA	NA	NA	NA	NA	NA	NA
882	71	0	21	126	NA	NA	NA	NA	NA	NA	NA	NA	NA	NA	NA	NA
883	71	0	41.5	NA	NA	NA	NA	NA	NA	NA	NA	NA	NA	NA	NA	NA
884	71	0	44	NA	NA	NA	NA	NA	NA	NA	NA	NA	NA	NA	NA	NA
885	72	0	46	NA	NA	NA	NA	NA	NA	NA	NA	NA	NA	NA	NA	NA
886	72	0	47.5	NA	NA	NA	NA	NA	NA	NA	NA	NA	NA	NA	NA	NA
887	72.5	0	51.5	NA	NA	NA	NA	NA	NA	NA	NA	NA	NA	NA	NA	NA
888	75	0	64	NA	NA	NA	NA	NA	NA	NA	NA	NA	NA	NA	NA	NA
889	78	0	139.5	NA	NA	NA	NA	NA	NA	NA	NA	NA	NA	NA	NA	NA
890	81.5	0.5	142	NA	NA	NA	NA	NA	NA	NA	NA	NA	NA	NA	NA	NA
891	81.5	0.5	177	NA	NA	NA	NA	NA	NA	NA	NA	NA	NA	NA	NA	NA
892	82.5	0.5	189.5	NA	NA	NA	NA	NA	NA	NA	NA	NA	NA	NA	NA	NA
893	88	0.5	207	NA	NA	NA	NA	NA	NA	NA	NA	NA	NA	NA	NA	NA
894	88	0.5	226	NA	NA	NA	NA	NA	NA	NA	NA	NA	NA	NA	NA	NA
895	88.5	0.5	229.5	NA	NA	NA	NA	NA	NA	NA	NA	NA	NA	NA	NA	NA
896	89	0.5	235	NA	NA	NA	NA	NA	NA	NA	NA	NA	NA	NA	NA	NA
897	90	0.5	235.5	NA	NA	NA	NA	NA	NA	NA	NA	NA	NA	NA	NA	NA
898	90	0.5	236.5	NA	NA	NA	NA	NA	NA	NA	NA	NA	NA	NA	NA	NA
899	91	0.5	236.5	NA	NA	NA	NA	NA	NA	NA	NA	NA	NA	NA	NA	NA
900	91	0.5	239	NA	NA	NA	NA	NA	NA	NA	NA	NA	NA	NA	NA	NA
901	92.5	0.5	239	NA	NA	NA	NA	NA	NA	NA	NA	NA	NA	NA	NA	NA
902	94.5	0.5	239	NA	NA	NA	NA	NA	NA	NA	NA	NA	NA	NA	NA	NA
903	94.5	0.5	239	NA	NA	NA	NA	NA	NA	NA	NA	NA	NA	NA	NA	NA
904	97	0.5	239	NA	NA	NA	NA	NA	NA	NA	NA	NA	NA	NA	NA	NA
905	98	0.5	239.5	NA	NA	NA	NA	NA	NA	NA	NA	NA	NA	NA	NA	NA
906	99	0.5	239	NA	NA	NA	NA	NA	NA	NA	NA	NA	NA	NA	NA	NA
907	99	0.5	239	NA	NA	NA	NA	NA	NA	NA	NA	NA	NA	NA	NA	NA
908	99.5	0.5	239	NA	NA	NA	NA	NA	NA	NA	NA	NA	NA	NA	NA	NA
909	105.5	0.5	244	NA	NA	NA	NA	NA	NA	NA	NA	NA	NA	NA	NA	NA
910	104	0.5	245	NA	NA	NA	NA	NA	NA	NA	NA	NA	NA	NA	NA	NA
911	104.5	0.5	245	NA	NA	NA	NA	NA	NA	NA	NA	NA	NA	NA	NA	NA
912	103.5	0.5	245.5	NA	NA	NA	NA	NA	NA	NA	NA	NA	NA	NA	NA	NA
913	105	0.5	246	NA	NA	NA	NA	NA	NA	NA	NA	NA	NA	NA	NA	NA
914	105	0.5	246	NA	NA	NA	NA	NA	NA	NA	NA	NA	NA	NA	NA	NA
915	105	0.5	247	NA	NA	NA	NA	NA	NA	NA	NA	NA	NA	NA	NA	NA
916	104	0.5	248.5	NA	NA	NA	NA	NA	NA	NA	NA	NA	NA	NA	NA	NA
917	104.5	0.5	248.5	NA	NA	NA	NA	NA	NA	NA	NA	NA	NA	NA	NA	NA
918	105	0.5	249.5	NA	NA	NA	NA	NA	NA	NA	NA	NA	NA	NA	NA	NA
919	107	0.5	250.5	NA	NA	NA	NA	NA	NA	NA	NA	NA	NA	NA	NA	NA
920	104.5	1	250.5	NA	NA	NA	NA	NA	NA	NA	NA	NA	NA	NA	NA	NA
921	105	1	250.5	NA	NA	NA	NA	NA	NA	NA	NA	NA	NA	NA	NA	NA
922	129.5	1	250.5	NA	NA	NA	NA	NA	NA	NA	NA	NA	NA	NA	NA	NA
923	132	1	250.5	NA	NA	NA	NA	NA	NA	NA	NA	NA	NA	NA	NA	NA
924	134.5	1	251	NA	NA	NA	NA	NA	NA	NA	NA	NA	NA	NA	NA	NA
925	134.5	1	251	NA	NA	NA	NA	NA	NA	NA	NA	NA	NA	NA	NA	NA
926	135.5	1	251	NA	NA	NA	NA	NA	NA	NA	NA	NA	NA	NA	NA	NA
927	136.5	1	251	NA	NA	NA	NA	NA	NA	NA	NA	NA	NA	NA	NA	NA
928	137	1	251	NA	NA	NA	NA	NA	NA	NA	NA	NA	NA	NA	NA	NA
929	137	1	251.5	NA	NA	NA	NA	NA	NA	NA	NA	NA	NA	NA	NA	NA
930	137	1	251.5	NA	NA	NA	NA	NA	NA	NA	NA	NA	NA	NA	NA	NA
931	138	1	250.5	NA	NA	NA	NA	NA	NA	NA	NA	NA	NA	NA	NA	NA
932	138.5	1	251.5	NA	NA	NA	NA	NA	NA	NA	NA	NA	NA	NA	NA	NA
933	138.5	1	251.5	NA	NA	NA	NA	NA	NA	NA	NA	NA	NA	NA	NA	NA
934	138	1	251.5	NA	NA	NA	NA	NA	NA	NA	NA	NA	NA	NA	NA	NA
935	138	1	251.5	NA	NA	NA	NA	NA	NA	NA	NA	NA	NA	NA	NA	NA
936	138	1	251.5	NA	NA	NA	NA	NA	NA	NA	NA	NA	NA	NA	NA	NA
937	138.5	1	252	NA	NA	NA	NA	NA	NA	NA	NA	NA	NA	NA	NA	NA
938	137	1	251.5	NA	NA	NA	NA	NA	NA	NA	NA	NA	NA	NA	NA	NA
939	137.5	1	251.5	NA	NA	NA	NA	NA	NA	NA	NA	NA	NA	NA	NA	NA
940	138.5	1	248	NA	NA	NA	NA	NA	NA	NA	NA	NA	NA	NA	NA	NA
941	140	1	244.5	NA	NA	NA	NA	NA	NA	NA	NA	NA	NA	NA	NA	NA
942	139.5	1	244.5	NA	NA	NA	NA	NA	NA	NA	NA	NA	NA	NA	NA	NA
943	141	1	244.5	NA	NA	NA	NA	NA	NA	NA	NA	NA	NA	NA	NA	NA
944	140	1	244.5	NA	NA	NA	NA	NA	NA	NA	NA	NA	NA	NA	NA	NA
945	139	1	244	NA	NA	NA	NA	NA	NA	NA	NA	NA	NA	NA	NA	NA
946	139	1	240.5	NA	NA	NA	NA	NA	NA	NA	NA	NA	NA	NA	NA	NA
947	139.5	1	240.5	NA	NA	NA	NA	NA	NA	NA	NA	NA	NA	NA	NA	NA
948	139	1	240.5	NA	NA	NA	NA	NA	NA	NA	NA	NA	NA	NA	NA	NA
949	136.5	1	240.5	NA	NA	NA	NA	NA	NA	NA	NA	NA	NA	NA	NA	NA
950	88.5	1	240.5	NA	NA	NA	NA	NA	NA	NA	NA	NA	NA	NA	NA	NA
951	86	1	240.5	NA	NA	NA	NA	NA	NA	NA	NA	NA	NA	NA	NA	NA
952	87.5	1	240.5	NA	NA	NA	NA	NA	NA	NA	NA	NA	NA	NA	NA	NA
953	86.5	1	240.5	NA	NA	NA	NA	NA	NA	NA	NA	NA	NA	NA	NA	NA
954	86.5	1	238.5	NA	NA	NA	NA	NA	NA	NA	NA	NA	NA	NA	NA	NA
955	86.5	1	235.5	NA	NA	NA	NA	NA	NA	NA	NA	NA	NA	NA	NA	NA
956	86.5	1	235.5	NA	NA	NA	NA	NA	NA	NA	NA	NA	NA	NA	NA	NA
957	87	1	235	NA	NA	NA	NA	NA	NA	NA	NA	NA	NA	NA	NA	NA
958	87	2.5	231.5	NA	NA	NA	NA	NA	NA	NA	NA	NA	NA	NA	NA	NA
959	87	2.5	210.5	NA	NA	NA	NA	NA	NA	NA	NA	NA	NA	NA	NA	NA
960	87.5	2.5	205	NA	NA	NA	NA	NA	NA	NA	NA	NA	NA	NA	NA	NA
961	87	2.5	202	NA	NA	NA	NA	NA	NA	NA	NA	NA	NA	NA	NA	NA
962	86.5	3.5	196.5	NA	NA	NA	NA	NA	NA	NA	NA	NA	NA	NA	NA	NA
963	86.5	3.5	193.5	NA	NA	NA	NA	NA	NA	NA	NA	NA	NA	NA	NA	NA
964	83.5	3.5	169.5	NA	NA	NA	NA	NA	NA	NA	NA	NA	NA	NA	NA	NA
965	78	3.5	96.5	NA	NA	NA	NA	NA	NA	NA	NA	NA	NA	NA	NA	NA
966	75.5	12	90.5	NA	NA	NA	NA	NA	NA	NA	NA	NA	NA	NA	NA	NA
967	75.5	15	50	NA	NA	NA	NA	NA	NA	NA	NA	NA	NA	NA	NA	NA
968	74	17	48.5	NA	NA	NA	NA	NA	NA	NA	NA	NA	NA	NA	NA	NA
969	67	17	39	NA	NA	NA	NA	NA	NA	NA	NA	NA	NA	NA	NA	NA
970	66.5	17	21	NA	NA	NA	NA	NA	NA	NA	NA	NA	NA	NA	NA	NA
971	66.5	19	19.5	NA	NA	NA	NA	NA	NA	NA	NA	NA	NA	NA	NA	NA
972	66.5	44	16.5	NA	NA	NA	NA	NA	NA	NA	NA	NA	NA	NA	NA	NA
973	64.5	53	16.5	NA	NA	NA	NA	NA	NA	NA	NA	NA	NA	NA	NA	NA
974	63	56	16.5	NA	NA	NA	NA	NA	NA	NA	NA	NA	NA	NA	NA	NA
975	61.5	74	16.5	NA	NA	NA	NA	NA	NA	NA	NA	NA	NA	NA	NA	NA
976	61.5	76.5	14.5	NA	NA	NA	NA	NA	NA	NA	NA	NA	NA	NA	NA	NA
977	61	92.5	14.5	NA	NA	NA	NA	NA	NA	NA	NA	NA	NA	NA	NA	NA
978	59.5	101	14.5	NA	NA	NA	NA	NA	NA	NA	NA	NA	NA	NA	NA	NA
979	59.5	107.5	14.5	NA	NA	NA	NA	NA	NA	NA	NA	NA	NA	NA	NA	NA
980	61	107.5	14.5	NA	NA	NA	NA	NA	NA	NA	NA	NA	NA	NA	NA	NA
981	60.5	118	14	NA	NA	NA	NA	NA	NA	NA	NA	NA	NA	NA	NA	NA
982	60	119	14	NA	NA	NA	NA	NA	NA	NA	NA	NA	NA	NA	NA	NA
983	60	120	14	NA	NA	NA	NA	NA	NA	NA	NA	NA	NA	NA	NA	NA
984	60	120.5	13.5	NA	NA	NA	NA	NA	NA	NA	NA	NA	NA	NA	NA	NA
985	53	120.5	8	NA	NA	NA	NA	NA	NA	NA	NA	NA	NA	NA	NA	NA
986	53	120.5	7.5	NA	NA	NA	NA	NA	NA	NA	NA	NA	NA	NA	NA	NA
987	53	120.5	7.5	NA	NA	NA	NA	NA	NA	NA	NA	NA	NA	NA	NA	NA
988	52.5	120.5	7	NA	NA	NA	NA	NA	NA	NA	NA	NA	NA	NA	NA	NA
989	51.5	120.5	7	NA	NA	NA	NA	NA	NA	NA	NA	NA	NA	NA	NA	NA
990	51.5	120.5	6.5	NA	NA	NA	NA	NA	NA	NA	NA	NA	NA	NA	NA	NA
991	51.5	121	NA	NA	NA	NA	NA	NA	NA	NA	NA	NA	NA	NA	NA	NA
992	51	121	NA	NA	NA	NA	NA	NA	NA	NA	NA	NA	NA	NA	NA	NA
993	51	121	NA	NA	NA	NA	NA	NA	NA	NA	NA	NA	NA	NA	NA	NA
994	50.5	121.5	NA	NA	NA	NA	NA	NA	NA	NA	NA	NA	NA	NA	NA	NA
995	48.5	122	NA	NA	NA	NA	NA	NA	NA	NA	NA	NA	NA	NA	NA	NA
996	48.5	121.5	NA	NA	NA	NA	NA	NA	NA	NA	NA	NA	NA	NA	NA	NA
997	47	124	NA	NA	NA	NA	NA	NA	NA	NA	NA	NA	NA	NA	NA	NA
998	19	124	NA	NA	NA	NA	NA	NA	NA	NA	NA	NA	NA	NA	NA	NA
999	16.5	124	NA	NA	NA	NA	NA	NA	NA	NA	NA	NA	NA	NA	NA	NA
1000	13	124.5	NA	NA	NA	NA	NA	NA	NA	NA	NA	NA	NA	NA	NA	NA
1001	13	124.5	NA	NA	NA	NA	NA	NA	NA	NA	NA	NA	NA	NA	NA	NA
1002	12.5	127.5	NA	NA	NA	NA	NA	NA	NA	NA	NA	NA	NA	NA	NA	NA
1003	11.5	127.5	NA	NA	NA	NA	NA	NA	NA	NA	NA	NA	NA	NA	NA	NA
1004	11.5	128	NA	NA	NA	NA	NA	NA	NA	NA	NA	NA	NA	NA	NA	NA
1005	11.5	128	NA	NA	NA	NA	NA	NA	NA	NA	NA	NA	NA	NA	NA	NA
1006	11.5	128	NA	NA	NA	NA	NA	NA	NA	NA	NA	NA	NA	NA	NA	NA
1007	11.5	128	NA	NA	NA	NA	NA	NA	NA	NA	NA	NA	NA	NA	NA	NA
1008	11.5	128.5	NA	NA	NA	NA	NA	NA	NA	NA	NA	NA	NA	NA	NA	NA
1009	12	128.5	NA	NA	NA	NA	NA	NA	NA	NA	NA	NA	NA	NA	NA	NA
1010	12	129.5	NA	NA	NA	NA	NA	NA	NA	NA	NA	NA	NA	NA	NA	NA
1011	12	129.5	NA	NA	NA	NA	NA	NA	NA	NA	NA	NA	NA	NA	NA	NA
1012	12	130.5	NA	NA	NA	NA	NA	NA	NA	NA	NA	NA	NA	NA	NA	NA
1013	12	130.5	NA	NA	NA	NA	NA	NA	NA	NA	NA	NA	NA	NA	NA	NA
1014	11.5	131	NA	NA	NA	NA	NA	NA	NA	NA	NA	NA	NA	NA	NA	NA
1015	10.5	131	NA	NA	NA	NA	NA	NA	NA	NA	NA	NA	NA	NA	NA	NA
1016	8	131	NA	NA	NA	NA	NA	NA	NA	NA	NA	NA	NA	NA	NA	NA
1017	5	131	NA	NA	NA	NA	NA	NA	NA	NA	NA	NA	NA	NA	NA	NA
1018	5	131.5	NA	NA	NA	NA	NA	NA	NA	NA	NA	NA	NA	NA	NA	NA
1019	4.5	132	NA	NA	NA	NA	NA	NA	NA	NA	NA	NA	NA	NA	NA	NA
1020	5	132	NA	NA	NA	NA	NA	NA	NA	NA	NA	NA	NA	NA	NA	NA
1021	4.5	132	NA	NA	NA	NA	NA	NA	NA	NA	NA	NA	NA	NA	NA	NA
1022	4.5	132	NA	NA	NA	NA	NA	NA	NA	NA	NA	NA	NA	NA	NA	NA
1023	4.5	132	NA	NA	NA	NA	NA	NA	NA	NA	NA	NA	NA	NA	NA	NA
1024	4.5	132	NA	NA	NA	NA	NA	NA	NA	NA	NA	NA	NA	NA	NA	NA
1025	4.5	132	NA	NA	NA	NA	NA	NA	NA	NA	NA	NA	NA	NA	NA	NA
1026	4.5	132	NA	NA	NA	NA	NA	NA	NA	NA	NA	NA	NA	NA	NA	NA
1027	4.5	132	NA	NA	NA	NA	NA	NA	NA	NA	NA	NA	NA	NA	NA	NA
1028	4.5	132	NA	NA	NA	NA	NA	NA	NA	NA	NA	NA	NA	NA	NA	NA
1029	4.5	132	NA	NA	NA	NA	NA	NA	NA	NA	NA	NA	NA	NA	NA	NA
1030	5	132	NA	NA	NA	NA	NA	NA	NA	NA	NA	NA	NA	NA	NA	NA
1031	5	132	NA	NA	NA	NA	NA	NA	NA	NA	NA	NA	NA	NA	NA	NA
1032	5	132	NA	NA	NA	NA	NA	NA	NA	NA	NA	NA	NA	NA	NA	NA
1033	4.5	132	NA	NA	NA	NA	NA	NA	NA	NA	NA	NA	NA	NA	NA	NA
1034	4.5	128	NA	NA	NA	NA	NA	NA	NA	NA	NA	NA	NA	NA	NA	NA
1035	5	128	NA	NA	NA	NA	NA	NA	NA	NA	NA	NA	NA	NA	NA	NA
1036	5	128	NA	NA	NA	NA	NA	NA	NA	NA	NA	NA	NA	NA	NA	NA
1037	6.5	127	NA	NA	NA	NA	NA	NA	NA	NA	NA	NA	NA	NA	NA	NA
1038	8	127	NA	NA	NA	NA	NA	NA	NA	NA	NA	NA	NA	NA	NA	NA
1039	8	127	NA	NA	NA	NA	NA	NA	NA	NA	NA	NA	NA	NA	NA	NA
1040	8	127	NA	NA	NA	NA	NA	NA	NA	NA	NA	NA	NA	NA	NA	NA
1041	12	127	NA	NA	NA	NA	NA	NA	NA	NA	NA	NA	NA	NA	NA	NA
1042	12	105.5	NA	NA	NA	NA	NA	NA	NA	NA	NA	NA	NA	NA	NA	NA
1043	12	105	NA	NA	NA	NA	NA	NA	NA	NA	NA	NA	NA	NA	NA	NA
1044	14.5	105	NA	NA	NA	NA	NA	NA	NA	NA	NA	NA	NA	NA	NA	NA
1045	14.5	105	NA	NA	NA	NA	NA	NA	NA	NA	NA	NA	NA	NA	NA	NA
1046	15	105	NA	NA	NA	NA	NA	NA	NA	NA	NA	NA	NA	NA	NA	NA
1047	15	103	NA	NA	NA	NA	NA	NA	NA	NA	NA	NA	NA	NA	NA	NA
1048	15	47	NA	NA	NA	NA	NA	NA	NA	NA	NA	NA	NA	NA	NA	NA
1049	18	47	NA	NA	NA	NA	NA	NA	NA	NA	NA	NA	NA	NA	NA	NA
1050	18	47	NA	NA	NA	NA	NA	NA	NA	NA	NA	NA	NA	NA	NA	NA
1051	18.5	24	NA	NA	NA	NA	NA	NA	NA	NA	NA	NA	NA	NA	NA	NA
1052	24.5	24	NA	NA	NA	NA	NA	NA	NA	NA	NA	NA	NA	NA	NA	NA
1053	35	23.5	NA	NA	NA	NA	NA	NA	NA	NA	NA	NA	NA	NA	NA	NA
1054	38	23.5	NA	NA	NA	NA	NA	NA	NA	NA	NA	NA	NA	NA	NA	NA
1055	38.5	23	NA	NA	NA	NA	NA	NA	NA	NA	NA	NA	NA	NA	NA	NA
1056	38.5	22	NA	NA	NA	NA	NA	NA	NA	NA	NA	NA	NA	NA	NA	NA
1057	40.5	11.5	NA	NA	NA	NA	NA	NA	NA	NA	NA	NA	NA	NA	NA	NA
1058	42.5	11.5	NA	NA	NA	NA	NA	NA	NA	NA	NA	NA	NA	NA	NA	NA
1059	42.5	11	NA	NA	NA	NA	NA	NA	NA	NA	NA	NA	NA	NA	NA	NA
1060	43.5	11	NA	NA	NA	NA	NA	NA	NA	NA	NA	NA	NA	NA	NA	NA
1061	43.5	11	NA	NA	NA	NA	NA	NA	NA	NA	NA	NA	NA	NA	NA	NA
1062	46.5	11	NA	NA	NA	NA	NA	NA	NA	NA	NA	NA	NA	NA	NA	NA
1063	48	11	NA	NA	NA	NA	NA	NA	NA	NA	NA	NA	NA	NA	NA	NA
1064	49.5	11	NA	NA	NA	NA	NA	NA	NA	NA	NA	NA	NA	NA	NA	NA
1065	51	11	NA	NA	NA	NA	NA	NA	NA	NA	NA	NA	NA	NA	NA	NA
1066	53	11	NA	NA	NA	NA	NA	NA	NA	NA	NA	NA	NA	NA	NA	NA
1067	54	10.5	NA	NA	NA	NA	NA	NA	NA	NA	NA	NA	NA	NA	NA	NA
1068	54	10.5	NA	NA	NA	NA	NA	NA	NA	NA	NA	NA	NA	NA	NA	NA
1069	55	10.5	NA	NA	NA	NA	NA	NA	NA	NA	NA	NA	NA	NA	NA	NA
1070	56	10.5	NA	NA	NA	NA	NA	NA	NA	NA	NA	NA	NA	NA	NA	NA
1071	56.5	10.5	NA	NA	NA	NA	NA	NA	NA	NA	NA	NA	NA	NA	NA	NA
1072	57	10.5	NA	NA	NA	NA	NA	NA	NA	NA	NA	NA	NA	NA	NA	NA
1073	58	7.5	NA	NA	NA	NA	NA	NA	NA	NA	NA	NA	NA	NA	NA	NA
1074	58	7.5	NA	NA	NA	NA	NA	NA	NA	NA	NA	NA	NA	NA	NA	NA
1075	58.5	7.5	NA	NA	NA	NA	NA	NA	NA	NA	NA	NA	NA	NA	NA	NA
1076	60	6.5	NA	NA	NA	NA	NA	NA	NA	NA	NA	NA	NA	NA	NA	NA
1077	60	6.5	NA	NA	NA	NA	NA	NA	NA	NA	NA	NA	NA	NA	NA	NA
1078	60	0.5	NA	NA	NA	NA	NA	NA	NA	NA	NA	NA	NA	NA	NA	NA
1079	60	0.5	NA	NA	NA	NA	NA	NA	NA	NA	NA	NA	NA	NA	NA	NA
1080	60.5	0.5	NA	NA	NA	NA	NA	NA	NA	NA	NA	NA	NA	NA	NA	NA
1081	62	0.5	NA	NA	NA	NA	NA	NA	NA	NA	NA	NA	NA	NA	NA	NA
1082	66	0.5	NA	NA	NA	NA	NA	NA	NA	NA	NA	NA	NA	NA	NA	NA
1083	66	0.5	NA	NA	NA	NA	NA	NA	NA	NA	NA	NA	NA	NA	NA	NA
1084	66	0	NA	NA	NA	NA	NA	NA	NA	NA	NA	NA	NA	NA	NA	NA
1085	66	0	NA	NA	NA	NA	NA	NA	NA	NA	NA	NA	NA	NA	NA	NA
1086	68.5	0	NA	NA	NA	NA	NA	NA	NA	NA	NA	NA	NA	NA	NA	NA
1087	70.5	0	NA	NA	NA	NA	NA	NA	NA	NA	NA	NA	NA	NA	NA	NA
1088	70	0	NA	NA	NA	NA	NA	NA	NA	NA	NA	NA	NA	NA	NA	NA
1089	70	0	NA	NA	NA	NA	NA	NA	NA	NA	NA	NA	NA	NA	NA	NA
1090	70	0	NA	NA	NA	NA	NA	NA	NA	NA	NA	NA	NA	NA	NA	NA
1091	70	0	NA	NA	NA	NA	NA	NA	NA	NA	NA	NA	NA	NA	NA	NA
1092	69.5	0	NA	NA	NA	NA	NA	NA	NA	NA	NA	NA	NA	NA	NA	NA
1093	70	0	NA	NA	NA	NA	NA	NA	NA	NA	NA	NA	NA	NA	NA	NA
1094	70	0	NA	NA	NA	NA	NA	NA	NA	NA	NA	NA	NA	NA	NA	NA
1095	70.5	0	NA	NA	NA	NA	NA	NA	NA	NA	NA	NA	NA	NA	NA	NA
1096	70.5	0	NA	NA	NA	NA	NA	NA	NA	NA	NA	NA	NA	NA	NA	NA
1097	70.5	0	NA	NA	NA	NA	NA	NA	NA	NA	NA	NA	NA	NA	NA	NA
1098	70.5	0	NA	NA	NA	NA	NA	NA	NA	NA	NA	NA	NA	NA	NA	NA
1099	70.5	0	NA	NA	NA	NA	NA	NA	NA	NA	NA	NA	NA	NA	NA	NA
1100	70.5	0	NA	NA	NA	NA	NA	NA	NA	NA	NA	NA	NA	NA	NA	NA
1101	76	0	NA	NA	NA	NA	NA	NA	NA	NA	NA	NA	NA	NA	NA	NA
1102	76.5	0	NA	NA	NA	NA	NA	NA	NA	NA	NA	NA	NA	NA	NA	NA
1103	76.5	0	NA	NA	NA	NA	NA	NA	NA	NA	NA	NA	NA	NA	NA	NA
1104	76.5	0	NA	NA	NA	NA	NA	NA	NA	NA	NA	NA	NA	NA	NA	NA
1105	76.5	0	NA	NA	NA	NA	NA	NA	NA	NA	NA	NA	NA	NA	NA	NA
1106	76	0	NA	NA	NA	NA	NA	NA	NA	NA	NA	NA	NA	NA	NA	NA
1107	76	0	NA	NA	NA	NA	NA	NA	NA	NA	NA	NA	NA	NA	NA	NA
1108	77	0	NA	NA	NA	NA	NA	NA	NA	NA	NA	NA	NA	NA	NA	NA
1109	77	0	NA	NA	NA	NA	NA	NA	NA	NA	NA	NA	NA	NA	NA	NA
1110	77	0	NA	NA	NA	NA	NA	NA	NA	NA	NA	NA	NA	NA	NA	NA
1111	77	0	NA	NA	NA	NA	NA	NA	NA	NA	NA	NA	NA	NA	NA	NA
1112	77	0	NA	NA	NA	NA	NA	NA	NA	NA	NA	NA	NA	NA	NA	NA
1113	75	0.5	NA	NA	NA	NA	NA	NA	NA	NA	NA	NA	NA	NA	NA	NA
1114	73.5	0.5	NA	NA	NA	NA	NA	NA	NA	NA	NA	NA	NA	NA	NA	NA
1115	74	0.5	NA	NA	NA	NA	NA	NA	NA	NA	NA	NA	NA	NA	NA	NA
1116	74	0.5	NA	NA	NA	NA	NA	NA	NA	NA	NA	NA	NA	NA	NA	NA
1117	68.5	1	NA	NA	NA	NA	NA	NA	NA	NA	NA	NA	NA	NA	NA	NA
1118	68.5	1	NA	NA	NA	NA	NA	NA	NA	NA	NA	NA	NA	NA	NA	NA
1119	68.5	1	NA	NA	NA	NA	NA	NA	NA	NA	NA	NA	NA	NA	NA	NA
1120	66.5	1	NA	NA	NA	NA	NA	NA	NA	NA	NA	NA	NA	NA	NA	NA
1121	66.5	1	NA	NA	NA	NA	NA	NA	NA	NA	NA	NA	NA	NA	NA	NA
1122	66.5	1	NA	NA	NA	NA	NA	NA	NA	NA	NA	NA	NA	NA	NA	NA
1123	66.5	1	NA	NA	NA	NA	NA	NA	NA	NA	NA	NA	NA	NA	NA	NA
1124	66.5	1	NA	NA	NA	NA	NA	NA	NA	NA	NA	NA	NA	NA	NA	NA
1125	62.5	1	NA	NA	NA	NA	NA	NA	NA	NA	NA	NA	NA	NA	NA	NA
1126	62.5	1	NA	NA	NA	NA	NA	NA	NA	NA	NA	NA	NA	NA	NA	NA
1127	62	1	NA	NA	NA	NA	NA	NA	NA	NA	NA	NA	NA	NA	NA	NA
1128	53	1	NA	NA	NA	NA	NA	NA	NA	NA	NA	NA	NA	NA	NA	NA
1129	35.5	1.5	NA	NA	NA	NA	NA	NA	NA	NA	NA	NA	NA	NA	NA	NA
1130	30	1.5	NA	NA	NA	NA	NA	NA	NA	NA	NA	NA	NA	NA	NA	NA
1131	29.5	1.5	NA	NA	NA	NA	NA	NA	NA	NA	NA	NA	NA	NA	NA	NA
1132	29	1.5	NA	NA	NA	NA	NA	NA	NA	NA	NA	NA	NA	NA	NA	NA
1133	29	2	NA	NA	NA	NA	NA	NA	NA	NA	NA	NA	NA	NA	NA	NA
1134	34.5	2	NA	NA	NA	NA	NA	NA	NA	NA	NA	NA	NA	NA	NA	NA
1135	36	2	NA	NA	NA	NA	NA	NA	NA	NA	NA	NA	NA	NA	NA	NA
1136	37.5	2	NA	NA	NA	NA	NA	NA	NA	NA	NA	NA	NA	NA	NA	NA
1137	39	2	NA	NA	NA	NA	NA	NA	NA	NA	NA	NA	NA	NA	NA	NA
1138	39	2	NA	NA	NA	NA	NA	NA	NA	NA	NA	NA	NA	NA	NA	NA
1139	43	2	NA	NA	NA	NA	NA	NA	NA	NA	NA	NA	NA	NA	NA	NA
1140	41	2	NA	NA	NA	NA	NA	NA	NA	NA	NA	NA	NA	NA	NA	NA
1141	43.5	3.5	NA	NA	NA	NA	NA	NA	NA	NA	NA	NA	NA	NA	NA	NA
1142	43	3.5	NA	NA	NA	NA	NA	NA	NA	NA	NA	NA	NA	NA	NA	NA
1143	43	3.5	NA	NA	NA	NA	NA	NA	NA	NA	NA	NA	NA	NA	NA	NA
1144	44	3.5	NA	NA	NA	NA	NA	NA	NA	NA	NA	NA	NA	NA	NA	NA
1145	46	3.5	NA	NA	NA	NA	NA	NA	NA	NA	NA	NA	NA	NA	NA	NA
1146	46	3.5	NA	NA	NA	NA	NA	NA	NA	NA	NA	NA	NA	NA	NA	NA
1147	52.5	4	NA	NA	NA	NA	NA	NA	NA	NA	NA	NA	NA	NA	NA	NA
1148	52.5	4	NA	NA	NA	NA	NA	NA	NA	NA	NA	NA	NA	NA	NA	NA
1149	52.5	4	NA	NA	NA	NA	NA	NA	NA	NA	NA	NA	NA	NA	NA	NA
1150	53.5	4	NA	NA	NA	NA	NA	NA	NA	NA	NA	NA	NA	NA	NA	NA
1151	53.5	4	NA	NA	NA	NA	NA	NA	NA	NA	NA	NA	NA	NA	NA	NA
1152	53.5	4	NA	NA	NA	NA	NA	NA	NA	NA	NA	NA	NA	NA	NA	NA
1153	54.5	4	NA	NA	NA	NA	NA	NA	NA	NA	NA	NA	NA	NA	NA	NA
1154	55	4	NA	NA	NA	NA	NA	NA	NA	NA	NA	NA	NA	NA	NA	NA
1155	55	6.5	NA	NA	NA	NA	NA	NA	NA	NA	NA	NA	NA	NA	NA	NA
1156	54.5	6.5	NA	NA	NA	NA	NA	NA	NA	NA	NA	NA	NA	NA	NA	NA
1157	53.5	7	NA	NA	NA	NA	NA	NA	NA	NA	NA	NA	NA	NA	NA	NA
1158	49.5	7	NA	NA	NA	NA	NA	NA	NA	NA	NA	NA	NA	NA	NA	NA
1159	49.5	7	NA	NA	NA	NA	NA	NA	NA	NA	NA	NA	NA	NA	NA	NA
1160	49.5	7	NA	NA	NA	NA	NA	NA	NA	NA	NA	NA	NA	NA	NA	NA
1161	49.5	7	NA	NA	NA	NA	NA	NA	NA	NA	NA	NA	NA	NA	NA	NA
1162	47	7.5	NA	NA	NA	NA	NA	NA	NA	NA	NA	NA	NA	NA	NA	NA
1163	45	8.5	NA	NA	NA	NA	NA	NA	NA	NA	NA	NA	NA	NA	NA	NA
1164	44.5	8.5	NA	NA	NA	NA	NA	NA	NA	NA	NA	NA	NA	NA	NA	NA
1165	44.5	8.5	NA	NA	NA	NA	NA	NA	NA	NA	NA	NA	NA	NA	NA	NA
1166	44.5	8.5	NA	NA	NA	NA	NA	NA	NA	NA	NA	NA	NA	NA	NA	NA
1167	44.5	8.5	NA	NA	NA	NA	NA	NA	NA	NA	NA	NA	NA	NA	NA	NA
1168	46.5	10.5	NA	NA	NA	NA	NA	NA	NA	NA	NA	NA	NA	NA	NA	NA
1169	49	17	NA	NA	NA	NA	NA	NA	NA	NA	NA	NA	NA	NA	NA	NA
1170	49	17	NA	NA	NA	NA	NA	NA	NA	NA	NA	NA	NA	NA	NA	NA
1171	48.5	58.5	NA	NA	NA	NA	NA	NA	NA	NA	NA	NA	NA	NA	NA	NA
1172	48	94	NA	NA	NA	NA	NA	NA	NA	NA	NA	NA	NA	NA	NA	NA
1173	48	111.5	NA	NA	NA	NA	NA	NA	NA	NA	NA	NA	NA	NA	NA	NA
1174	48	115.5	NA	NA	NA	NA	NA	NA	NA	NA	NA	NA	NA	NA	NA	NA
1175	48	118	NA	NA	NA	NA	NA	NA	NA	NA	NA	NA	NA	NA	NA	NA
1176	47	118.5	NA	NA	NA	NA	NA	NA	NA	NA	NA	NA	NA	NA	NA	NA
1177	43	134	NA	NA	NA	NA	NA	NA	NA	NA	NA	NA	NA	NA	NA	NA
1178	43	134	NA	NA	NA	NA	NA	NA	NA	NA	NA	NA	NA	NA	NA	NA
1179	43	140.5	NA	NA	NA	NA	NA	NA	NA	NA	NA	NA	NA	NA	NA	NA
1180	43	147.5	NA	NA	NA	NA	NA	NA	NA	NA	NA	NA	NA	NA	NA	NA
1181	43	149.5	NA	NA	NA	NA	NA	NA	NA	NA	NA	NA	NA	NA	NA	NA
1182	43	149.5	NA	NA	NA	NA	NA	NA	NA	NA	NA	NA	NA	NA	NA	NA
1183	43.5	149.5	NA	NA	NA	NA	NA	NA	NA	NA	NA	NA	NA	NA	NA	NA
1184	43.5	150.5	NA	NA	NA	NA	NA	NA	NA	NA	NA	NA	NA	NA	NA	NA
1185	43.5	151	NA	NA	NA	NA	NA	NA	NA	NA	NA	NA	NA	NA	NA	NA
1186	43	151	NA	NA	NA	NA	NA	NA	NA	NA	NA	NA	NA	NA	NA	NA
1187	43	151.5	NA	NA	NA	NA	NA	NA	NA	NA	NA	NA	NA	NA	NA	NA
1188	43	151.5	NA	NA	NA	NA	NA	NA	NA	NA	NA	NA	NA	NA	NA	NA
1189	43	151.5	NA	NA	NA	NA	NA	NA	NA	NA	NA	NA	NA	NA	NA	NA
1190	43	151.5	NA	NA	NA	NA	NA	NA	NA	NA	NA	NA	NA	NA	NA	NA
1191	42.5	151	NA	NA	NA	NA	NA	NA	NA	NA	NA	NA	NA	NA	NA	NA
1192	43	151.5	NA	NA	NA	NA	NA	NA	NA	NA	NA	NA	NA	NA	NA	NA
1193	44.5	152	NA	NA	NA	NA	NA	NA	NA	NA	NA	NA	NA	NA	NA	NA
1194	44.5	152	NA	NA	NA	NA	NA	NA	NA	NA	NA	NA	NA	NA	NA	NA
1195	45	153	NA	NA	NA	NA	NA	NA	NA	NA	NA	NA	NA	NA	NA	NA
1196	45.5	153	NA	NA	NA	NA	NA	NA	NA	NA	NA	NA	NA	NA	NA	NA
1197	45.5	153	NA	NA	NA	NA	NA	NA	NA	NA	NA	NA	NA	NA	NA	NA
1198	45.5	153	NA	NA	NA	NA	NA	NA	NA	NA	NA	NA	NA	NA	NA	NA
1199	45.5	153	NA	NA	NA	NA	NA	NA	NA	NA	NA	NA	NA	NA	NA	NA
1200	45.5	153	NA	NA	NA	NA	NA	NA	NA	NA	NA	NA	NA	NA	NA	NA
1201	45.5	153	NA	NA	NA	NA	NA	NA	NA	NA	NA	NA	NA	NA	NA	NA
1202	45.5	153	NA	NA	NA	NA	NA	NA	NA	NA	NA	NA	NA	NA	NA	NA
1203	45.5	153	NA	NA	NA	NA	NA	NA	NA	NA	NA	NA	NA	NA	NA	NA
1204	46	153	NA	NA	NA	NA	NA	NA	NA	NA	NA	NA	NA	NA	NA	NA
1205	46	152.5	NA	NA	NA	NA	NA	NA	NA	NA	NA	NA	NA	NA	NA	NA
1206	46	152.5	NA	NA	NA	NA	NA	NA	NA	NA	NA	NA	NA	NA	NA	NA
1207	46	152.5	NA	NA	NA	NA	NA	NA	NA	NA	NA	NA	NA	NA	NA	NA
1208	46	152.5	NA	NA	NA	NA	NA	NA	NA	NA	NA	NA	NA	NA	NA	NA
1209	44.5	152	NA	NA	NA	NA	NA	NA	NA	NA	NA	NA	NA	NA	NA	NA
1210	36.5	152	NA	NA	NA	NA	NA	NA	NA	NA	NA	NA	NA	NA	NA	NA
1211	36	152	NA	NA	NA	NA	NA	NA	NA	NA	NA	NA	NA	NA	NA	NA
1212	36	152	NA	NA	NA	NA	NA	NA	NA	NA	NA	NA	NA	NA	NA	NA
1213	34	152	NA	NA	NA	NA	NA	NA	NA	NA	NA	NA	NA	NA	NA	NA
1214	32.5	152	NA	NA	NA	NA	NA	NA	NA	NA	NA	NA	NA	NA	NA	NA
1215	27.5	152	NA	NA	NA	NA	NA	NA	NA	NA	NA	NA	NA	NA	NA	NA
1216	27	152	NA	NA	NA	NA	NA	NA	NA	NA	NA	NA	NA	NA	NA	NA
1217	25	150.5	NA	NA	NA	NA	NA	NA	NA	NA	NA	NA	NA	NA	NA	NA
1218	25	150.5	NA	NA	NA	NA	NA	NA	NA	NA	NA	NA	NA	NA	NA	NA
1219	24.5	150.5	NA	NA	NA	NA	NA	NA	NA	NA	NA	NA	NA	NA	NA	NA
1220	24	150.5	NA	NA	NA	NA	NA	NA	NA	NA	NA	NA	NA	NA	NA	NA
1221	22.5	150.5	NA	NA	NA	NA	NA	NA	NA	NA	NA	NA	NA	NA	NA	NA
1222	22	150.5	NA	NA	NA	NA	NA	NA	NA	NA	NA	NA	NA	NA	NA	NA
1223	16	150	NA	NA	NA	NA	NA	NA	NA	NA	NA	NA	NA	NA	NA	NA
1224	16	150	NA	NA	NA	NA	NA	NA	NA	NA	NA	NA	NA	NA	NA	NA
1225	15	150	NA	NA	NA	NA	NA	NA	NA	NA	NA	NA	NA	NA	NA	NA
1226	14	150	NA	NA	NA	NA	NA	NA	NA	NA	NA	NA	NA	NA	NA	NA
1227	14	150	NA	NA	NA	NA	NA	NA	NA	NA	NA	NA	NA	NA	NA	NA
1228	12.5	150	NA	NA	NA	NA	NA	NA	NA	NA	NA	NA	NA	NA	NA	NA
1229	11.5	150	NA	NA	NA	NA	NA	NA	NA	NA	NA	NA	NA	NA	NA	NA
1230	11.5	150	NA	NA	NA	NA	NA	NA	NA	NA	NA	NA	NA	NA	NA	NA
1231	11.5	147	NA	NA	NA	NA	NA	NA	NA	NA	NA	NA	NA	NA	NA	NA
1232	11.5	147	NA	NA	NA	NA	NA	NA	NA	NA	NA	NA	NA	NA	NA	NA
1233	11.5	147	NA	NA	NA	NA	NA	NA	NA	NA	NA	NA	NA	NA	NA	NA
1234	11.5	147	NA	NA	NA	NA	NA	NA	NA	NA	NA	NA	NA	NA	NA	NA
1235	11.5	147	NA	NA	NA	NA	NA	NA	NA	NA	NA	NA	NA	NA	NA	NA
1236	11	147	NA	NA	NA	NA	NA	NA	NA	NA	NA	NA	NA	NA	NA	NA
1237	11	147	NA	NA	NA	NA	NA	NA	NA	NA	NA	NA	NA	NA	NA	NA
1238	11	145.5	NA	NA	NA	NA	NA	NA	NA	NA	NA	NA	NA	NA	NA	NA
1239	11	145.5	NA	NA	NA	NA	NA	NA	NA	NA	NA	NA	NA	NA	NA	NA
1240	11	145.5	NA	NA	NA	NA	NA	NA	NA	NA	NA	NA	NA	NA	NA	NA
1241	10.5	145.5	NA	NA	NA	NA	NA	NA	NA	NA	NA	NA	NA	NA	NA	NA
1242	10	145.5	NA	NA	NA	NA	NA	NA	NA	NA	NA	NA	NA	NA	NA	NA
1243	10	145.5	NA	NA	NA	NA	NA	NA	NA	NA	NA	NA	NA	NA	NA	NA
1244	8	142.5	NA	NA	NA	NA	NA	NA	NA	NA	NA	NA	NA	NA	NA	NA
1245	5.5	134.5	NA	NA	NA	NA	NA	NA	NA	NA	NA	NA	NA	NA	NA	NA
1246	5.5	126.5	NA	NA	NA	NA	NA	NA	NA	NA	NA	NA	NA	NA	NA	NA
1247	5.5	88.5	NA	NA	NA	NA	NA	NA	NA	NA	NA	NA	NA	NA	NA	NA
1248	5.5	45	NA	NA	NA	NA	NA	NA	NA	NA	NA	NA	NA	NA	NA	NA
1249	6	30.5	NA	NA	NA	NA	NA	NA	NA	NA	NA	NA	NA	NA	NA	NA
1250	6	30.5	NA	NA	NA	NA	NA	NA	NA	NA	NA	NA	NA	NA	NA	NA
1251	6	30.5	NA	NA	NA	NA	NA	NA	NA	NA	NA	NA	NA	NA	NA	NA
1252	6	27	NA	NA	NA	NA	NA	NA	NA	NA	NA	NA	NA	NA	NA	NA
1253	6	14.5	NA	NA	NA	NA	NA	NA	NA	NA	NA	NA	NA	NA	NA	NA
1254	6	13.5	NA	NA	NA	NA	NA	NA	NA	NA	NA	NA	NA	NA	NA	NA
1255	5.5	NA	NA	NA	NA	NA	NA	NA	NA	NA	NA	NA	NA	NA	NA	NA
1256	5.5	NA	NA	NA	NA	NA	NA	NA	NA	NA	NA	NA	NA	NA	NA	NA
1257	5	NA	NA	NA	NA	NA	NA	NA	NA	NA	NA	NA	NA	NA	NA	NA
1258	4.5	NA	NA	NA	NA	NA	NA	NA	NA	NA	NA	NA	NA	NA	NA	NA
1259	4	NA	NA	NA	NA	NA	NA	NA	NA	NA	NA	NA	NA	NA	NA	NA
1260	4	NA	NA	NA	NA	NA	NA	NA	NA	NA	NA	NA	NA	NA	NA	NA
1261	4	NA	NA	NA	NA	NA	NA	NA	NA	NA	NA	NA	NA	NA	NA	NA
1262	4	NA	NA	NA	NA	NA	NA	NA	NA	NA	NA	NA	NA	NA	NA	NA
1263	3.5	NA	NA	NA	NA	NA	NA	NA	NA	NA	NA	NA	NA	NA	NA	NA
1264	3.5	NA	NA	NA	NA	NA	NA	NA	NA	NA	NA	NA	NA	NA	NA	NA
1265	3.5	NA	NA	NA	NA	NA	NA	NA	NA	NA	NA	NA	NA	NA	NA	NA
1266	3.5	NA	NA	NA	NA	NA	NA	NA	NA	NA	NA	NA	NA	NA	NA	NA
1267	3.5	NA	NA	NA	NA	NA	NA	NA	NA	NA	NA	NA	NA	NA	NA	NA
1268	3	NA	NA	NA	NA	NA	NA	NA	NA	NA	NA	NA	NA	NA	NA	NA
1269	2	NA	NA	NA	NA	NA	NA	NA	NA	NA	NA	NA	NA	NA	NA	NA
1270	2	NA	NA	NA	NA	NA	NA	NA	NA	NA	NA	NA	NA	NA	NA	NA
1271	1.5	NA	NA	NA	NA	NA	NA	NA	NA	NA	NA	NA	NA	NA	NA	NA
1272	1	NA	NA	NA	NA	NA	NA	NA	NA	NA	NA	NA	NA	NA	NA	NA
1273	1	NA	NA	NA	NA	NA	NA	NA	NA	NA	NA	NA	NA	NA	NA	NA
1274	1	NA	NA	NA	NA	NA	NA	NA	NA	NA	NA	NA	NA	NA	NA	NA
1275	1	NA	NA	NA	NA	NA	NA	NA	NA	NA	NA	NA	NA	NA	NA	NA
1276	1	NA	NA	NA	NA	NA	NA	NA	NA	NA	NA	NA	NA	NA	NA	NA
1277	1	NA	NA	NA	NA	NA	NA	NA	NA	NA	NA	NA	NA	NA	NA	NA
1278	1	NA	NA	NA	NA	NA	NA	NA	NA	NA	NA	NA	NA	NA	NA	NA
1279	0.5	NA	NA	NA	NA	NA	NA	NA	NA	NA	NA	NA	NA	NA	NA	NA
1280	0.5	NA	NA	NA	NA	NA	NA	NA	NA	NA	NA	NA	NA	NA	NA	NA
1281	0.5	NA	NA	NA	NA	NA	NA	NA	NA	NA	NA	NA	NA	NA	NA	NA
1282	1.5	NA	NA	NA	NA	NA	NA	NA	NA	NA	NA	NA	NA	NA	NA	NA
1283	1.5	NA	NA	NA	NA	NA	NA	NA	NA	NA	NA	NA	NA	NA	NA	NA
1284	1.5	NA	NA	NA	NA	NA	NA	NA	NA	NA	NA	NA	NA	NA	NA	NA
1285	2.5	NA	NA	NA	NA	NA	NA	NA	NA	NA	NA	NA	NA	NA	NA	NA
1286	2.5	NA	NA	NA	NA	NA	NA	NA	NA	NA	NA	NA	NA	NA	NA	NA
1287	2.5	NA	NA	NA	NA	NA	NA	NA	NA	NA	NA	NA	NA	NA	NA	NA
1288	2.5	NA	NA	NA	NA	NA	NA	NA	NA	NA	NA	NA	NA	NA	NA	NA
1289	2.5	NA	NA	NA	NA	NA	NA	NA	NA	NA	NA	NA	NA	NA	NA	NA
1290	4	NA	NA	NA	NA	NA	NA	NA	NA	NA	NA	NA	NA	NA	NA	NA
1291	4	NA	NA	NA	NA	NA	NA	NA	NA	NA	NA	NA	NA	NA	NA	NA
1292	4	NA	NA	NA	NA	NA	NA	NA	NA	NA	NA	NA	NA	NA	NA	NA
1293	4	NA	NA	NA	NA	NA	NA	NA	NA	NA	NA	NA	NA	NA	NA	NA
1294	4	NA	NA	NA	NA	NA	NA	NA	NA	NA	NA	NA	NA	NA	NA	NA
1295	4	NA	NA	NA	NA	NA	NA	NA	NA	NA	NA	NA	NA	NA	NA	NA
1296	4	NA	NA	NA	NA	NA	NA	NA	NA	NA	NA	NA	NA	NA	NA	NA
1297	4	NA	NA	NA	NA	NA	NA	NA	NA	NA	NA	NA	NA	NA	NA	NA
1298	7.5	NA	NA	NA	NA	NA	NA	NA	NA	NA	NA	NA	NA	NA	NA	NA
1299	88.5	NA	NA	NA	NA	NA	NA	NA	NA	NA	NA	NA	NA	NA	NA	NA
1300	90	NA	NA	NA	NA	NA	NA	NA	NA	NA	NA	NA	NA	NA	NA	NA
1301	90.5	NA	NA	NA	NA	NA	NA	NA	NA	NA	NA	NA	NA	NA	NA	NA
1302	97.5	NA	NA	NA	NA	NA	NA	NA	NA	NA	NA	NA	NA	NA	NA	NA
1303	101	NA	NA	NA	NA	NA	NA	NA	NA	NA	NA	NA	NA	NA	NA	NA
1304	107	NA	NA	NA	NA	NA	NA	NA	NA	NA	NA	NA	NA	NA	NA	NA
1305	108.5	NA	NA	NA	NA	NA	NA	NA	NA	NA	NA	NA	NA	NA	NA	NA
1306	114.5	NA	NA	NA	NA	NA	NA	NA	NA	NA	NA	NA	NA	NA	NA	NA
1307	118	NA	NA	NA	NA	NA	NA	NA	NA	NA	NA	NA	NA	NA	NA	NA
1308	119	NA	NA	NA	NA	NA	NA	NA	NA	NA	NA	NA	NA	NA	NA	NA
1309	121.5	NA	NA	NA	NA	NA	NA	NA	NA	NA	NA	NA	NA	NA	NA	NA
1310	123.5	NA	NA	NA	NA	NA	NA	NA	NA	NA	NA	NA	NA	NA	NA	NA
1311	126	NA	NA	NA	NA	NA	NA	NA	NA	NA	NA	NA	NA	NA	NA	NA
1312	128.5	NA	NA	NA	NA	NA	NA	NA	NA	NA	NA	NA	NA	NA	NA	NA
1313	132	NA	NA	NA	NA	NA	NA	NA	NA	NA	NA	NA	NA	NA	NA	NA
1314	133	NA	NA	NA	NA	NA	NA	NA	NA	NA	NA	NA	NA	NA	NA	NA
1315	133.5	NA	NA	NA	NA	NA	NA	NA	NA	NA	NA	NA	NA	NA	NA	NA
1316	170.5	NA	NA	NA	NA	NA	NA	NA	NA	NA	NA	NA	NA	NA	NA	NA
1317	173	NA	NA	NA	NA	NA	NA	NA	NA	NA	NA	NA	NA	NA	NA	NA
1318	907.5	NA	NA	NA	NA	NA	NA	NA	NA	NA	NA	NA	NA	NA	NA	NA
1319	938.5	NA	NA	NA	NA	NA	NA	NA	NA	NA	NA	NA	NA	NA	NA	NA
1320	1802.5	NA	NA	NA	NA	NA	NA	NA	NA	NA	NA	NA	NA	NA	NA	NA
1321	1837.5	NA	NA	NA	NA	NA	NA	NA	NA	NA	NA	NA	NA	NA	NA	NA
1322	1902.5	NA	NA	NA	NA	NA	NA	NA	NA	NA	NA	NA	NA	NA	NA	NA
1323	2047	NA	NA	NA	NA	NA	NA	NA	NA	NA	NA	NA	NA	NA	NA	NA
1324	2062	NA	NA	NA	NA	NA	NA	NA	NA	NA	NA	NA	NA	NA	NA	NA
1325	2078	NA	NA	NA	NA	NA	NA	NA	NA	NA	NA	NA	NA	NA	NA	NA
1326	2087	NA	NA	NA	NA	NA	NA	NA	NA	NA	NA	NA	NA	NA	NA	NA
1327	2092	NA	NA	NA	NA	NA	NA	NA	NA	NA	NA	NA	NA	NA	NA	NA
1328	2099.5	NA	NA	NA	NA	NA	NA	NA	NA	NA	NA	NA	NA	NA	NA	NA
1329	2105	NA	NA	NA	NA	NA	NA	NA	NA	NA	NA	NA	NA	NA	NA	NA
1330	2110	NA	NA	NA	NA	NA	NA	NA	NA	NA	NA	NA	NA	NA	NA	NA
1331	2120	NA	NA	NA	NA	NA	NA	NA	NA	NA	NA	NA	NA	NA	NA	NA
1332	2127	NA	NA	NA	NA	NA	NA	NA	NA	NA	NA	NA	NA	NA	NA	NA
1333	2138.5	NA	NA	NA	NA	NA	NA	NA	NA	NA	NA	NA	NA	NA	NA	NA
1334	2144	NA	NA	NA	NA	NA	NA	NA	NA	NA	NA	NA	NA	NA	NA	NA
1335	2147.5	NA	NA	NA	NA	NA	NA	NA	NA	NA	NA	NA	NA	NA	NA	NA
1336	2154	NA	NA	NA	NA	NA	NA	NA	NA	NA	NA	NA	NA	NA	NA	NA
1337	2159	NA	NA	NA	NA	NA	NA	NA	NA	NA	NA	NA	NA	NA	NA	NA
1338	2189.5	NA	NA	NA	NA	NA	NA	NA	NA	NA	NA	NA	NA	NA	NA	NA
1339	2221	NA	NA	NA	NA	NA	NA	NA	NA	NA	NA	NA	NA	NA	NA	NA
1340	2231	NA	NA	NA	NA	NA	NA	NA	NA	NA	NA	NA	NA	NA	NA	NA
1341	2240	NA	NA	NA	NA	NA	NA	NA	NA	NA	NA	NA	NA	NA	NA	NA
1342	2253	NA	NA	NA	NA	NA	NA	NA	NA	NA	NA	NA	NA	NA	NA	NA
1343	2261	NA	NA	NA	NA	NA	NA	NA	NA	NA	NA	NA	NA	NA	NA	NA
1344	2267	NA	NA	NA	NA	NA	NA	NA	NA	NA	NA	NA	NA	NA	NA	NA
1345	2280	NA	NA	NA	NA	NA	NA	NA	NA	NA	NA	NA	NA	NA	NA	NA
1346	2281.5	NA	NA	NA	NA	NA	NA	NA	NA	NA	NA	NA	NA	NA	NA	NA
1347	2281.5	NA	NA	NA	NA	NA	NA	NA	NA	NA	NA	NA	NA	NA	NA	NA
1348	2283	NA	NA	NA	NA	NA	NA	NA	NA	NA	NA	NA	NA	NA	NA	NA
1349	2283	NA	NA	NA	NA	NA	NA	NA	NA	NA	NA	NA	NA	NA	NA	NA
1350	2283	NA	NA	NA	NA	NA	NA	NA	NA	NA	NA	NA	NA	NA	NA	NA
1351	2283.5	NA	NA	NA	NA	NA	NA	NA	NA	NA	NA	NA	NA	NA	NA	NA
1352	2284.5	NA	NA	NA	NA	NA	NA	NA	NA	NA	NA	NA	NA	NA	NA	NA
1353	2287.5	NA	NA	NA	NA	NA	NA	NA	NA	NA	NA	NA	NA	NA	NA	NA
1354	2289	NA	NA	NA	NA	NA	NA	NA	NA	NA	NA	NA	NA	NA	NA	NA
1355	2294.5	NA	NA	NA	NA	NA	NA	NA	NA	NA	NA	NA	NA	NA	NA	NA
1356	2297	NA	NA	NA	NA	NA	NA	NA	NA	NA	NA	NA	NA	NA	NA	NA
1357	2298	NA	NA	NA	NA	NA	NA	NA	NA	NA	NA	NA	NA	NA	NA	NA
1358	2298.5	NA	NA	NA	NA	NA	NA	NA	NA	NA	NA	NA	NA	NA	NA	NA
1359	2298.5	NA	NA	NA	NA	NA	NA	NA	NA	NA	NA	NA	NA	NA	NA	NA
1360	2298.5	NA	NA	NA	NA	NA	NA	NA	NA	NA	NA	NA	NA	NA	NA	NA
1361	2297.5	NA	NA	NA	NA	NA	NA	NA	NA	NA	NA	NA	NA	NA	NA	NA
1362	2298	NA	NA	NA	NA	NA	NA	NA	NA	NA	NA	NA	NA	NA	NA	NA
1363	2298	NA	NA	NA	NA	NA	NA	NA	NA	NA	NA	NA	NA	NA	NA	NA
1364	2298	NA	NA	NA	NA	NA	NA	NA	NA	NA	NA	NA	NA	NA	NA	NA
1365	2298	NA	NA	NA	NA	NA	NA	NA	NA	NA	NA	NA	NA	NA	NA	NA
1366	2296.5	NA	NA	NA	NA	NA	NA	NA	NA	NA	NA	NA	NA	NA	NA	NA
1367	2296.5	NA	NA	NA	NA	NA	NA	NA	NA	NA	NA	NA	NA	NA	NA	NA
1368	2296.5	NA	NA	NA	NA	NA	NA	NA	NA	NA	NA	NA	NA	NA	NA	NA
1369	2297.5	NA	NA	NA	NA	NA	NA	NA	NA	NA	NA	NA	NA	NA	NA	NA
1370	2297.5	NA	NA	NA	NA	NA	NA	NA	NA	NA	NA	NA	NA	NA	NA	NA
1371	2297.5	NA	NA	NA	NA	NA	NA	NA	NA	NA	NA	NA	NA	NA	NA	NA
1372	2297.5	NA	NA	NA	NA	NA	NA	NA	NA	NA	NA	NA	NA	NA	NA	NA
1373	2295	NA	NA	NA	NA	NA	NA	NA	NA	NA	NA	NA	NA	NA	NA	NA
1374	2282.5	NA	NA	NA	NA	NA	NA	NA	NA	NA	NA	NA	NA	NA	NA	NA
1375	2203	NA	NA	NA	NA	NA	NA	NA	NA	NA	NA	NA	NA	NA	NA	NA
1376	2203	NA	NA	NA	NA	NA	NA	NA	NA	NA	NA	NA	NA	NA	NA	NA
1377	2189	NA	NA	NA	NA	NA	NA	NA	NA	NA	NA	NA	NA	NA	NA	NA
1378	2183	NA	NA	NA	NA	NA	NA	NA	NA	NA	NA	NA	NA	NA	NA	NA
1379	2181	NA	NA	NA	NA	NA	NA	NA	NA	NA	NA	NA	NA	NA	NA	NA
1380	2176	NA	NA	NA	NA	NA	NA	NA	NA	NA	NA	NA	NA	NA	NA	NA
1381	2176	NA	NA	NA	NA	NA	NA	NA	NA	NA	NA	NA	NA	NA	NA	NA
1382	2175.5	NA	NA	NA	NA	NA	NA	NA	NA	NA	NA	NA	NA	NA	NA	NA
1383	2174.5	NA	NA	NA	NA	NA	NA	NA	NA	NA	NA	NA	NA	NA	NA	NA
1384	2174.5	NA	NA	NA	NA	NA	NA	NA	NA	NA	NA	NA	NA	NA	NA	NA
1385	2175	NA	NA	NA	NA	NA	NA	NA	NA	NA	NA	NA	NA	NA	NA	NA
1386	2174.5	NA	NA	NA	NA	NA	NA	NA	NA	NA	NA	NA	NA	NA	NA	NA
1387	2170.5	NA	NA	NA	NA	NA	NA	NA	NA	NA	NA	NA	NA	NA	NA	NA
1388	2168	NA	NA	NA	NA	NA	NA	NA	NA	NA	NA	NA	NA	NA	NA	NA
1389	2167.5	NA	NA	NA	NA	NA	NA	NA	NA	NA	NA	NA	NA	NA	NA	NA
1390	2167.5	NA	NA	NA	NA	NA	NA	NA	NA	NA	NA	NA	NA	NA	NA	NA
1391	2166.5	NA	NA	NA	NA	NA	NA	NA	NA	NA	NA	NA	NA	NA	NA	NA
1392	2125	NA	NA	NA	NA	NA	NA	NA	NA	NA	NA	NA	NA	NA	NA	NA
1393	2030	NA	NA	NA	NA	NA	NA	NA	NA	NA	NA	NA	NA	NA	NA	NA
1394	1315.5	NA	NA	NA	NA	NA	NA	NA	NA	NA	NA	NA	NA	NA	NA	NA
1395	1253.5	NA	NA	NA	NA	NA	NA	NA	NA	NA	NA	NA	NA	NA	NA	NA
1396	323	NA	NA	NA	NA	NA	NA	NA	NA	NA	NA	NA	NA	NA	NA	NA
1397	309	NA	NA	NA	NA	NA	NA	NA	NA	NA	NA	NA	NA	NA	NA	NA
1398	252	NA	NA	NA	NA	NA	NA	NA	NA	NA	NA	NA	NA	NA	NA	NA
1399	100	NA	NA	NA	NA	NA	NA	NA	NA	NA	NA	NA	NA	NA	NA	NA
1400	99	NA	NA	NA	NA	NA	NA	NA	NA	NA	NA	NA	NA	NA	NA	NA
1401	83.5	NA	NA	NA	NA	NA	NA	NA	NA	NA	NA	NA	NA	NA	NA	NA
1402	87	NA	NA	NA	NA	NA	NA	NA	NA	NA	NA	NA	NA	NA	NA	NA
1403	86.5	NA	NA	NA	NA	NA	NA	NA	NA	NA	NA	NA	NA	NA	NA	NA
1404	86.5	NA	NA	NA	NA	NA	NA	NA	NA	NA	NA	NA	NA	NA	NA	NA
1405	86	NA	NA	NA	NA	NA	NA	NA	NA	NA	NA	NA	NA	NA	NA	NA
1406	86.5	NA	NA	NA	NA	NA	NA	NA	NA	NA	NA	NA	NA	NA	NA	NA
1407	86.5	NA	NA	NA	NA	NA	NA	NA	NA	NA	NA	NA	NA	NA	NA	NA
1408	87	NA	NA	NA	NA	NA	NA	NA	NA	NA	NA	NA	NA	NA	NA	NA
1409	86.5	NA	NA	NA	NA	NA	NA	NA	NA	NA	NA	NA	NA	NA	NA	NA
1410	86	NA	NA	NA	NA	NA	NA	NA	NA	NA	NA	NA	NA	NA	NA	NA
1411	85	NA	NA	NA	NA	NA	NA	NA	NA	NA	NA	NA	NA	NA	NA	NA
1412	82	NA	NA	NA	NA	NA	NA	NA	NA	NA	NA	NA	NA	NA	NA	NA
1413	81.5	NA	NA	NA	NA	NA	NA	NA	NA	NA	NA	NA	NA	NA	NA	NA
1414	60	NA	NA	NA	NA	NA	NA	NA	NA	NA	NA	NA	NA	NA	NA	NA
1415	41.5	NA	NA	NA	NA	NA	NA	NA	NA	NA	NA	NA	NA	NA	NA	NA
1416	41.5	NA	NA	NA	NA	NA	NA	NA	NA	NA	NA	NA	NA	NA	NA	NA
1417	40.5	NA	NA	NA	NA	NA	NA	NA	NA	NA	NA	NA	NA	NA	NA	NA
1418	33	NA	NA	NA	NA	NA	NA	NA	NA	NA	NA	NA	NA	NA	NA	NA
1419	34	NA	NA	NA	NA	NA	NA	NA	NA	NA	NA	NA	NA	NA	NA	NA
1420	32	NA	NA	NA	NA	NA	NA	NA	NA	NA	NA	NA	NA	NA	NA	NA
1421	30.5	NA	NA	NA	NA	NA	NA	NA	NA	NA	NA	NA	NA	NA	NA	NA
1422	29.5	NA	NA	NA	NA	NA	NA	NA	NA	NA	NA	NA	NA	NA	NA	NA
1423	29	NA	NA	NA	NA	NA	NA	NA	NA	NA	NA	NA	NA	NA	NA	NA
1424	28.5	NA	NA	NA	NA	NA	NA	NA	NA	NA	NA	NA	NA	NA	NA	NA
1425	28.5	NA	NA	NA	NA	NA	NA	NA	NA	NA	NA	NA	NA	NA	NA	NA
1426	28.5	NA	NA	NA	NA	NA	NA	NA	NA	NA	NA	NA	NA	NA	NA	NA
1427	28	NA	NA	NA	NA	NA	NA	NA	NA	NA	NA	NA	NA	NA	NA	NA
1428	26	NA	NA	NA	NA	NA	NA	NA	NA	NA	NA	NA	NA	NA	NA	NA
1429	23.5	NA	NA	NA	NA	NA	NA	NA	NA	NA	NA	NA	NA	NA	NA	NA
1430	20.5	NA	NA	NA	NA	NA	NA	NA	NA	NA	NA	NA	NA	NA	NA	NA
1431	15	NA	NA	NA	NA	NA	NA	NA	NA	NA	NA	NA	NA	NA	NA	NA
1432	13	NA	NA	NA	NA	NA	NA	NA	NA	NA	NA	NA	NA	NA	NA	NA
1433	12.5	NA	NA	NA	NA	NA	NA	NA	NA	NA	NA	NA	NA	NA	NA	NA
1434	12.5	NA	NA	NA	NA	NA	NA	NA	NA	NA	NA	NA	NA	NA	NA	NA
1435	12.5	NA	NA	NA	NA	NA	NA	NA	NA	NA	NA	NA	NA	NA	NA	NA
1436	12.5	NA	NA	NA	NA	NA	NA	NA	NA	NA	NA	NA	NA	NA	NA	NA
1437	12.5	NA	NA	NA	NA	NA	NA	NA	NA	NA	NA	NA	NA	NA	NA	NA
1438	12.5	NA	NA	NA	NA	NA	NA	NA	NA	NA	NA	NA	NA	NA	NA	NA
1439	12.5	NA	NA	NA	NA	NA	NA	NA	NA	NA	NA	NA	NA	NA	NA	NA
1440	12.5	NA	NA	NA	NA	NA	NA	NA	NA	NA	NA	NA	NA	NA	NA	NA
1441	12.5	NA	NA	NA	NA	NA	NA	NA	NA	NA	NA	NA	NA	NA	NA	NA
1442	12.5	NA	NA	NA	NA	NA	NA	NA	NA	NA	NA	NA	NA	NA	NA	NA
1443	12.5	NA	NA	NA	NA	NA	NA	NA	NA	NA	NA	NA	NA	NA	NA	NA
1444	12.5	NA	NA	NA	NA	NA	NA	NA	NA	NA	NA	NA	NA	NA	NA	NA
1445	11.5	NA	NA	NA	NA	NA	NA	NA	NA	NA	NA	NA	NA	NA	NA	NA
1446	11.5	NA	NA	NA	NA	NA	NA	NA	NA	NA	NA	NA	NA	NA	NA	NA
1447	11.5	NA	NA	NA	NA	NA	NA	NA	NA	NA	NA	NA	NA	NA	NA	NA
1448	11.5	NA	NA	NA	NA	NA	NA	NA	NA	NA	NA	NA	NA	NA	NA	NA
1449	11.5	NA	NA	NA	NA	NA	NA	NA	NA	NA	NA	NA	NA	NA	NA	NA
1450	11.5	NA	NA	NA	NA	NA	NA	NA	NA	NA	NA	NA	NA	NA	NA	NA
1451	11.5	NA	NA	NA	NA	NA	NA	NA	NA	NA	NA	NA	NA	NA	NA	NA
1452	11.5	NA	NA	NA	NA	NA	NA	NA	NA	NA	NA	NA	NA	NA	NA	NA
1453	11.5	NA	NA	NA	NA	NA	NA	NA	NA	NA	NA	NA	NA	NA	NA	NA
1454	11	NA	NA	NA	NA	NA	NA	NA	NA	NA	NA	NA	NA	NA	NA	NA
1455	11	NA	NA	NA	NA	NA	NA	NA	NA	NA	NA	NA	NA	NA	NA	NA
1456	11	NA	NA	NA	NA	NA	NA	NA	NA	NA	NA	NA	NA	NA	NA	NA
1457	11	NA	NA	NA	NA	NA	NA	NA	NA	NA	NA	NA	NA	NA	NA	NA
1458	11	NA	NA	NA	NA	NA	NA	NA	NA	NA	NA	NA	NA	NA	NA	NA
1459	11	NA	NA	NA	NA	NA	NA	NA	NA	NA	NA	NA	NA	NA	NA	NA
1460	11	NA	NA	NA	NA	NA	NA	NA	NA	NA	NA	NA	NA	NA	NA	NA
1461	10.5	NA	NA	NA	NA	NA	NA	NA	NA	NA	NA	NA	NA	NA	NA	NA
1462	10.5	NA	NA	NA	NA	NA	NA	NA	NA	NA	NA	NA	NA	NA	NA	NA
1463	10.5	NA	NA	NA	NA	NA	NA	NA	NA	NA	NA	NA	NA	NA	NA	NA
1464	10.5	NA	NA	NA	NA	NA	NA	NA	NA	NA	NA	NA	NA	NA	NA	NA
1465	10.5	NA	NA	NA	NA	NA	NA	NA	NA	NA	NA	NA	NA	NA	NA	NA
1466	10.5	NA	NA	NA	NA	NA	NA	NA	NA	NA	NA	NA	NA	NA	NA	NA
1467	10.5	NA	NA	NA	NA	NA	NA	NA	NA	NA	NA	NA	NA	NA	NA	NA
1468	10.5	NA	NA	NA	NA	NA	NA	NA	NA	NA	NA	NA	NA	NA	NA	NA
1469	10.5	NA	NA	NA	NA	NA	NA	NA	NA	NA	NA	NA	NA	NA	NA	NA
1470	9	NA	NA	NA	NA	NA	NA	NA	NA	NA	NA	NA	NA	NA	NA	NA
1471	9	NA	NA	NA	NA	NA	NA	NA	NA	NA	NA	NA	NA	NA	NA	NA
1472	9	NA	NA	NA	NA	NA	NA	NA	NA	NA	NA	NA	NA	NA	NA	NA
1473	9	NA	NA	NA	NA	NA	NA	NA	NA	NA	NA	NA	NA	NA	NA	NA
1474	6.5	NA	NA	NA	NA	NA	NA	NA	NA	NA	NA	NA	NA	NA	NA	NA
1475	6.5	NA	NA	NA	NA	NA	NA	NA	NA	NA	NA	NA	NA	NA	NA	NA
1476	6.5	NA	NA	NA	NA	NA	NA	NA	NA	NA	NA	NA	NA	NA	NA	NA
1477	5.5	NA	NA	NA	NA	NA	NA	NA	NA	NA	NA	NA	NA	NA	NA	NA
1478	1.5	NA	NA	NA	NA	NA	NA	NA	NA	NA	NA	NA	NA	NA	NA	NA
1479	1.5	NA	NA	NA	NA	NA	NA	NA	NA	NA	NA	NA	NA	NA	NA	NA
1480	1	NA	NA	NA	NA	NA	NA	NA	NA	NA	NA	NA	NA	NA	NA	NA